shape_id,shape_pt_lat,shape_pt_lon,shape_pt_sequence
211-176_175_9323_168,40.409393,-73.996235,1
211-176_175_9323_168,40.410651,-73.99823,2
211-176_175_9323_168,40.411746,-74.000225,3
211-176_175_9323_168,40.412776,-74.002306,4
211-176_175_9323_168,40.413642,-74.004526,5
211-176_175_9323_168,40.413968,-74.00577,6
211-176_175_9323_168,40.414124,-74.006414,7
211-176_175_9323_168,40.41423,-74.007036,8
211-176_175_9323_168,40.414622,-74.009514,9
211-176_175_9323_168,40.414981,-74.011992,10
211-176_175_9323_168,40.415308,-74.014427,11
211-176_175_9323_168,40.419357,-74.034081,12
211-176_175_9323_168,40.44355,-74.035835,13
211-176_175_9323_168,40.48012,-74.03635,14
211-176_175_9323_168,40.544852,-74.037981,15
211-176_175_9323_168,40.601442,-74.037895,16
211-176_175_9323_168,40.611346,-74.042873,17
211-176_175_9323_168,40.63037,-74.048195,18
211-176_175_9323_168,40.655508,-74.036694,19
211-176_175_9323_168,40.678685,-74.024506,20
211-176_175_9323_168,40.684934,-74.015408,21
211-176_175_9323_168,40.692483,-74.006824,22
211-176_175_9323_168,40.702781,-74.005046,23
211-176_175_9323_168,40.706929,-73.992405,24
211-176_175_9323_168,40.708653,-73.980174,25
211-176_175_9323_168,40.711354,-73.972235,26
211-176_175_9323_168,40.733015,-73.967256,27
211-176_175_9323_168,40.74147,-73.968587,28
211-176_175_9323_168,40.743894,-73.970658,29
211-168_9323_175_176,40.743894,-73.970658,1
211-168_9323_175_176,40.74147,-73.968587,2
211-168_9323_175_176,40.733015,-73.967256,3
211-168_9323_175_176,40.711354,-73.972235,4
211-168_9323_175_176,40.708653,-73.980174,5
211-168_9323_175_176,40.706929,-73.992405,6
211-168_9323_175_176,40.702781,-74.005046,7
211-168_9323_175_176,40.692483,-74.006824,8
211-168_9323_175_176,40.684934,-74.015408,9
211-168_9323_175_176,40.678685,-74.024506,10
211-168_9323_175_176,40.655508,-74.036694,11
211-168_9323_175_176,40.63037,-74.048195,12
211-168_9323_175_176,40.611346,-74.042873,13
211-168_9323_175_176,40.601442,-74.037895,14
211-168_9323_175_176,40.544852,-74.037981,15
211-168_9323_175_176,40.48012,-74.03635,16
211-168_9323_175_176,40.44355,-74.035835,17
211-168_9323_175_176,40.419357,-74.034081,18
211-168_9323_175_176,40.415308,-74.014427,19
211-168_9323_175_176,40.414981,-74.011992,20
211-168_9323_175_176,40.414622,-74.009514,21
211-168_9323_175_176,40.41423,-74.007036,22
211-168_9323_175_176,40.414124,-74.006414,23
211-168_9323_175_176,40.413968,-74.00577,24
211-168_9323_175_176,40.413642,-74.004526,25
211-168_9323_175_176,40.412776,-74.002306,26
211-168_9323_175_176,40.411746,-74.000225,27
211-168_9323_175_176,40.410651,-73.99823,28
211-168_9323_175_176,40.409393,-73.996235,29
211-176_175_168_9323,40.409393,-73.996235,1
211-176_175_168_9323,40.410651,-73.99823,2
211-176_175_168_9323,40.411746,-74.000225,3
211-176_175_168_9323,40.412776,-74.002306,4
211-176_175_168_9323,40.413642,-74.004526,5
211-176_175_168_9323,40.41423,-74.007036,6
211-176_175_168_9323,40.414663,-74.00967,7
211-176_175_168_9323,40.41539,-74.014899,8
211-176_175_168_9323,40.419357,-74.034081,9
211-176_175_168_9323,40.442767,-74.035664,10
211-176_175_168_9323,40.601442,-74.037895,11
211-176_175_168_9323,40.611346,-74.042873,12
211-176_175_168_9323,40.63037,-74.048195,13
211-176_175_168_9323,40.656746,-74.036028,14
211-176_175_168_9323,40.678685,-74.024506,15
211-176_175_168_9323,40.684934,-74.015408,16
211-176_175_168_9323,40.692483,-74.006824,17
211-176_175_168_9323,40.701073,-74.001354,18
211-176_175_168_9323,40.701935,-74.000594,19
211-176_175_168_9323,40.702765,-73.999621,20
211-176_175_168_9323,40.704294,-73.997287,21
211-176_175_168_9323,40.706929,-73.992405,22
211-176_175_168_9323,40.708653,-73.980174,23
211-176_175_168_9323,40.711354,-73.972235,24
211-176_175_168_9323,40.733015,-73.967256,25
211-176_175_168_9323,40.74147,-73.968587,26
211-176_175_168_9323,40.743894,-73.970658,27
211-176_175_168_9323,40.74147,-73.968587,28
211-176_175_168_9323,40.733015,-73.967256,29
211-176_175_168_9323,40.711354,-73.972235,30
211-176_175_168_9323,40.708653,-73.980174,31
211-176_175_168_9323,40.706929,-73.992405,32
211-176_175_168_9323,40.702781,-74.005046,33
211-168_9323_176_175,40.743894,-73.970658,1
211-168_9323_176_175,40.74147,-73.968587,2
211-168_9323_176_175,40.733015,-73.967256,3
211-168_9323_176_175,40.711354,-73.972235,4
211-168_9323_176_175,40.708653,-73.980174,5
211-168_9323_176_175,40.706929,-73.992405,6
211-168_9323_176_175,40.702781,-74.005046,7
211-168_9323_176_175,40.692483,-74.006824,8
211-168_9323_176_175,40.684934,-74.015408,9
211-168_9323_176_175,40.678685,-74.024506,10
211-168_9323_176_175,40.654919,-74.036912,11
211-168_9323_176_175,40.63037,-74.048195,12
211-168_9323_176_175,40.611346,-74.042873,13
211-168_9323_176_175,40.601442,-74.037895,14
211-168_9323_176_175,40.497353,-74.036522,15
211-168_9323_176_175,40.482014,-74.033174,16
211-168_9323_176_175,40.467715,-74.0312,17
211-168_9323_176_175,40.454458,-74.019957,18
211-168_9323_176_175,40.409393,-73.996235,19
211-168_9323_176_175,40.411746,-74.000225,20
211-168_9323_176_175,40.412776,-74.002306,21
211-168_9323_176_175,40.413642,-74.004526,22
211-168_9323_176_175,40.41423,-74.007036,23
211-168_9323_176_175,40.414622,-74.009514,24
211-168_9323_176_175,40.415358,-74.014656,25
211-168_9323_176_175,40.419357,-74.034081,26
211-175_176_168_9323,40.419357,-74.034081,1
211-175_176_168_9323,40.415358,-74.014656,2
211-175_176_168_9323,40.414622,-74.009514,3
211-175_176_168_9323,40.41423,-74.007036,4
211-175_176_168_9323,40.413642,-74.004526,5
211-175_176_168_9323,40.412776,-74.002306,6
211-175_176_168_9323,40.411746,-74.000225,7
211-175_176_168_9323,40.409393,-73.996235,8
211-175_176_168_9323,40.431939,-74.008112,9
211-175_176_168_9323,40.454458,-74.019957,10
211-175_176_168_9323,40.461054,-74.025557,11
211-175_176_168_9323,40.467715,-74.0312,12
211-175_176_168_9323,40.482014,-74.033174,13
211-175_176_168_9323,40.497353,-74.036522,14
211-175_176_168_9323,40.601442,-74.037895,15
211-175_176_168_9323,40.611346,-74.042873,16
211-175_176_168_9323,40.63037,-74.048195,17
211-175_176_168_9323,40.654919,-74.036912,18
211-175_176_168_9323,40.678685,-74.024506,19
211-175_176_168_9323,40.684934,-74.015408,20
211-175_176_168_9323,40.692483,-74.006824,21
211-175_176_168_9323,40.701073,-74.001354,22
211-175_176_168_9323,40.701935,-74.000594,23
211-175_176_168_9323,40.702765,-73.999621,24
211-175_176_168_9323,40.704294,-73.997287,25
211-175_176_168_9323,40.706929,-73.992405,26
211-175_176_168_9323,40.708653,-73.980174,27
211-175_176_168_9323,40.711354,-73.972235,28
211-175_176_168_9323,40.733015,-73.967256,29
211-175_176_168_9323,40.74147,-73.968587,30
211-175_176_168_9323,40.742689,-73.969638,31
211-175_176_168_9323,40.743894,-73.970658,32
211-175_176_168_9323,40.74147,-73.968587,33
211-175_176_168_9323,40.733015,-73.967256,34
211-175_176_168_9323,40.711354,-73.972235,35
211-175_176_168_9323,40.708653,-73.980174,36
211-175_176_168_9323,40.706929,-73.992405,37
211-175_176_168_9323,40.702781,-74.005046,38
272-186_185,41.635524,-70.919661,1
272-186_185,41.635949,-70.917475,2
272-186_185,41.635937,-70.91636,3
272-186_185,41.63562,-70.915482,4
272-186_185,41.624666,-70.905998,5
272-186_185,41.624121,-70.905311,6
272-186_185,41.575902,-70.866022,7
272-186_185,41.575308,-70.86555,8
272-186_185,41.574779,-70.864863,9
272-186_185,41.57404,-70.863104,10
272-186_185,41.524644,-70.695906,11
272-186_185,41.522363,-70.690992,12
272-186_185,41.521206,-70.689211,13
272-186_185,41.52021,-70.687151,14
272-186_185,41.519832,-70.685145,15
272-186_185,41.519941,-70.680108,16
272-186_185,41.519567,-70.678235,17
272-186_185,41.518411,-70.675864,18
272-186_185,41.5178,-70.674148,19
272-186_185,41.51672,-70.671385,20
272-186_185,41.509879,-70.660543,21
272-186_185,41.504142,-70.648785,22
272-186_185,41.481624,-70.568629,23
272-186_185,41.47849,-70.553856,24
272-186_185,41.473345,-70.541153,25
272-186_185,41.466142,-70.510597,26
272-186_185,41.456622,-70.469398,27
272-186_185,41.445043,-70.43541,28
272-186_185,41.422392,-70.334129,29
272-186_185,41.377581,-70.202637,30
272-186_185,41.34666,-70.139809,31
272-186_185,41.302684,-70.099897,32
272-186_185,41.295365,-70.096571,33
272-186_185,41.291383,-70.089748,34
272-186_185,41.28969,-70.088503,35
272-186_185,41.288981,-70.088847,36
272-186_185,41.287981,-70.090606,37
272-186_185,41.286836,-70.094318,38
272-186_185,41.286107,-70.09633,39
272-185_186,41.286107,-70.09633,1
272-185_186,41.286836,-70.094318,2
272-185_186,41.287981,-70.090606,3
272-185_186,41.288981,-70.088847,4
272-185_186,41.28969,-70.088503,5
272-185_186,41.291383,-70.089748,6
272-185_186,41.295365,-70.096571,7
272-185_186,41.302684,-70.099897,8
272-185_186,41.34666,-70.139809,9
272-185_186,41.377581,-70.202637,10
272-185_186,41.422392,-70.334129,11
272-185_186,41.445043,-70.43541,12
272-185_186,41.456622,-70.469398,13
272-185_186,41.466142,-70.510597,14
272-185_186,41.473345,-70.541153,15
272-185_186,41.47849,-70.553856,16
272-185_186,41.481624,-70.568629,17
272-185_186,41.504142,-70.648785,18
272-185_186,41.509879,-70.660543,19
272-185_186,41.51672,-70.671385,20
272-185_186,41.5178,-70.674148,21
272-185_186,41.518411,-70.675864,22
272-185_186,41.519567,-70.678235,23
272-185_186,41.519941,-70.680108,24
272-185_186,41.519832,-70.685145,25
272-185_186,41.52021,-70.687151,26
272-185_186,41.521206,-70.689211,27
272-185_186,41.522363,-70.690992,28
272-185_186,41.524644,-70.695906,29
272-185_186,41.57404,-70.863104,30
272-185_186,41.574779,-70.864863,31
272-185_186,41.575308,-70.86555,32
272-185_186,41.575902,-70.866022,33
272-185_186,41.624121,-70.905311,34
272-185_186,41.624666,-70.905998,35
272-185_186,41.63562,-70.915482,36
272-185_186,41.635937,-70.91636,37
272-185_186,41.635949,-70.917475,38
272-185_186,41.635524,-70.919661,39
211-175_9323_168,40.419357,-74.034081,1
211-175_9323_168,40.44355,-74.035835,2
211-175_9323_168,40.48012,-74.03635,3
211-175_9323_168,40.544852,-74.037981,4
211-175_9323_168,40.601442,-74.037895,5
211-175_9323_168,40.611346,-74.042873,6
211-175_9323_168,40.63037,-74.048195,7
211-175_9323_168,40.678685,-74.024506,8
211-175_9323_168,40.684934,-74.015408,9
211-175_9323_168,40.692483,-74.006824,10
211-175_9323_168,40.702781,-74.005046,11
211-175_9323_168,40.706929,-73.992405,12
211-175_9323_168,40.708653,-73.980174,13
211-175_9323_168,40.711354,-73.972235,14
211-175_9323_168,40.733015,-73.967256,15
211-175_9323_168,40.74147,-73.968587,16
211-175_9323_168,40.743894,-73.970658,17
211-168_9323_175,40.743894,-73.970658,1
211-168_9323_175,40.74147,-73.968587,2
211-168_9323_175,40.733015,-73.967256,3
211-168_9323_175,40.711354,-73.972235,4
211-168_9323_175,40.708653,-73.980174,5
211-168_9323_175,40.706929,-73.992405,6
211-168_9323_175,40.702781,-74.005046,7
211-168_9323_175,40.692483,-74.006824,8
211-168_9323_175,40.684934,-74.015408,9
211-168_9323_175,40.678685,-74.024506,10
211-168_9323_175,40.63037,-74.048195,11
211-168_9323_175,40.611346,-74.042873,12
211-168_9323_175,40.601442,-74.037895,13
211-168_9323_175,40.544852,-74.037981,14
211-168_9323_175,40.48012,-74.03635,15
211-168_9323_175,40.44355,-74.035835,16
211-168_9323_175,40.419357,-74.034081,17
211-175_168_9323,40.419357,-74.034081,1
211-175_168_9323,40.44355,-74.035835,2
211-175_168_9323,40.48012,-74.03635,3
211-175_168_9323,40.544852,-74.037981,4
211-175_168_9323,40.601442,-74.037895,5
211-175_168_9323,40.611346,-74.042873,6
211-175_168_9323,40.63037,-74.048195,7
211-175_168_9323,40.678685,-74.024506,8
211-175_168_9323,40.684934,-74.015408,9
211-175_168_9323,40.692483,-74.006824,10
211-175_168_9323,40.701073,-74.001354,11
211-175_168_9323,40.701935,-74.000594,12
211-175_168_9323,40.702765,-73.999621,13
211-175_168_9323,40.704294,-73.997287,14
211-175_168_9323,40.706929,-73.992405,15
211-175_168_9323,40.708653,-73.980174,16
211-175_168_9323,40.711354,-73.972235,17
211-175_168_9323,40.733015,-73.967256,18
211-175_168_9323,40.74147,-73.968587,19
211-175_168_9323,40.742689,-73.969638,20
211-175_168_9323,40.743894,-73.970658,21
211-175_168_9323,40.742689,-73.969638,22
211-175_168_9323,40.74147,-73.968587,23
211-175_168_9323,40.733015,-73.967256,24
211-175_168_9323,40.711354,-73.972235,25
211-175_168_9323,40.708653,-73.980174,26
211-175_168_9323,40.706929,-73.992405,27
211-175_168_9323,40.702781,-74.005046,28
211-9323_168_175,40.702781,-74.005046,1
211-9323_168_175,40.706929,-73.992405,2
211-9323_168_175,40.708653,-73.980174,3
211-9323_168_175,40.711354,-73.972235,4
211-9323_168_175,40.733015,-73.967256,5
211-9323_168_175,40.74147,-73.968587,6
211-9323_168_175,40.742689,-73.969638,7
211-9323_168_175,40.743894,-73.970658,8
211-9323_168_175,40.742689,-73.969638,9
211-9323_168_175,40.74147,-73.968587,10
211-9323_168_175,40.733015,-73.967256,11
211-9323_168_175,40.711354,-73.972235,12
211-9323_168_175,40.708653,-73.980174,13
211-9323_168_175,40.706929,-73.992405,14
211-9323_168_175,40.704294,-73.997287,15
211-9323_168_175,40.702765,-73.999621,16
211-9323_168_175,40.701935,-74.000594,17
211-9323_168_175,40.701073,-74.001354,18
211-9323_168_175,40.692483,-74.006824,19
211-9323_168_175,40.684934,-74.015408,20
211-9323_168_175,40.678685,-74.024506,21
211-9323_168_175,40.63037,-74.048195,22
211-9323_168_175,40.611346,-74.042873,23
211-9323_168_175,40.601442,-74.037895,24
211-9323_168_175,40.544852,-74.037981,25
211-9323_168_175,40.48012,-74.03635,26
211-9323_168_175,40.44355,-74.035835,27
211-9323_168_175,40.419357,-74.034081,28
211-176_9323_168,40.409393,-73.996235,1
211-176_9323_168,40.454458,-74.019957,2
211-176_9323_168,40.467715,-74.0312,3
211-176_9323_168,40.482014,-74.033174,4
211-176_9323_168,40.497353,-74.036522,5
211-176_9323_168,40.601442,-74.037895,6
211-176_9323_168,40.611346,-74.042873,7
211-176_9323_168,40.63037,-74.048195,8
211-176_9323_168,40.654919,-74.036912,9
211-176_9323_168,40.678685,-74.024506,10
211-176_9323_168,40.684934,-74.015408,11
211-176_9323_168,40.692483,-74.006824,12
211-176_9323_168,40.702781,-74.005046,13
211-176_9323_168,40.706929,-73.992405,14
211-176_9323_168,40.708653,-73.980174,15
211-176_9323_168,40.711354,-73.972235,16
211-176_9323_168,40.733015,-73.967256,17
211-176_9323_168,40.74147,-73.968587,18
211-176_9323_168,40.742689,-73.969638,19
211-176_9323_168,40.743894,-73.970658,20
211-168_9323_176,40.743894,-73.970658,1
211-168_9323_176,40.742689,-73.969638,2
211-168_9323_176,40.74147,-73.968587,3
211-168_9323_176,40.733015,-73.967256,4
211-168_9323_176,40.711354,-73.972235,5
211-168_9323_176,40.708653,-73.980174,6
211-168_9323_176,40.706929,-73.992405,7
211-168_9323_176,40.702781,-74.005046,8
211-168_9323_176,40.692483,-74.006824,9
211-168_9323_176,40.684934,-74.015408,10
211-168_9323_176,40.678685,-74.024506,11
211-168_9323_176,40.654919,-74.036912,12
211-168_9323_176,40.63037,-74.048195,13
211-168_9323_176,40.611346,-74.042873,14
211-168_9323_176,40.601442,-74.037895,15
211-168_9323_176,40.497353,-74.036522,16
211-168_9323_176,40.482014,-74.033174,17
211-168_9323_176,40.467715,-74.0312,18
211-168_9323_176,40.454458,-74.019957,19
211-168_9323_176,40.409393,-73.996235,20
211-176_168_9323,40.409393,-73.996235,1
211-176_168_9323,40.454458,-74.019957,2
211-176_168_9323,40.467715,-74.0312,3
211-176_168_9323,40.482014,-74.033174,4
211-176_168_9323,40.497353,-74.036522,5
211-176_168_9323,40.601442,-74.037895,6
211-176_168_9323,40.611346,-74.042873,7
211-176_168_9323,40.63037,-74.048195,8
211-176_168_9323,40.654919,-74.036912,9
211-176_168_9323,40.678685,-74.024506,10
211-176_168_9323,40.684934,-74.015408,11
211-176_168_9323,40.692483,-74.006824,12
211-176_168_9323,40.701073,-74.001354,13
211-176_168_9323,40.701935,-74.000594,14
211-176_168_9323,40.702765,-73.999621,15
211-176_168_9323,40.704294,-73.997287,16
211-176_168_9323,40.706929,-73.992405,17
211-176_168_9323,40.708653,-73.980174,18
211-176_168_9323,40.711354,-73.972235,19
211-176_168_9323,40.733015,-73.967256,20
211-176_168_9323,40.74147,-73.968587,21
211-176_168_9323,40.742689,-73.969638,22
211-176_168_9323,40.743894,-73.970658,23
211-176_168_9323,40.742689,-73.969638,24
211-176_168_9323,40.74147,-73.968587,25
211-176_168_9323,40.733015,-73.967256,26
211-176_168_9323,40.711354,-73.972235,27
211-176_168_9323,40.708653,-73.980174,28
211-176_168_9323,40.706929,-73.992405,29
211-176_168_9323,40.702781,-74.005046,30
211-9323_168_176,40.702781,-74.005046,1
211-9323_168_176,40.706929,-73.992405,2
211-9323_168_176,40.708653,-73.980174,3
211-9323_168_176,40.711354,-73.972235,4
211-9323_168_176,40.733015,-73.967256,5
211-9323_168_176,40.74147,-73.968587,6
211-9323_168_176,40.742689,-73.969638,7
211-9323_168_176,40.743894,-73.970658,8
211-9323_168_176,40.742689,-73.969638,9
211-9323_168_176,40.74147,-73.968587,10
211-9323_168_176,40.733015,-73.967256,11
211-9323_168_176,40.711354,-73.972235,12
211-9323_168_176,40.708653,-73.980174,13
211-9323_168_176,40.706929,-73.992405,14
211-9323_168_176,40.704294,-73.997287,15
211-9323_168_176,40.702765,-73.999621,16
211-9323_168_176,40.701935,-74.000594,17
211-9323_168_176,40.701073,-74.001354,18
211-9323_168_176,40.692483,-74.006824,19
211-9323_168_176,40.684934,-74.015408,20
211-9323_168_176,40.678685,-74.024506,21
211-9323_168_176,40.654919,-74.036912,22
211-9323_168_176,40.63037,-74.048195,23
211-9323_168_176,40.611346,-74.042873,24
211-9323_168_176,40.601442,-74.037895,25
211-9323_168_176,40.497353,-74.036522,26
211-9323_168_176,40.482014,-74.033174,27
211-9323_168_176,40.467715,-74.0312,28
211-9323_168_176,40.454458,-74.019957,29
211-9323_168_176,40.409393,-73.996235,30
270-186_7777,41.4557339,-70.6002466,1
270-186_7777,41.4560783,-70.598662,2
270-186_7777,41.4566733,-70.5969025,3
270-186_7777,41.4574613,-70.5955292,4
270-186_7777,41.4582332,-70.5947996,5
270-186_7777,41.4598253,-70.5937482,6
270-186_7777,41.4616263,-70.5929435,7
270-186_7777,41.4641026,-70.5923427,8
270-186_7777,41.4665467,-70.5921496,9
270-186_7777,41.4704538,-70.5913556,10
270-186_7777,41.47547,-70.591699,11
270-186_7777,41.4791997,-70.5923856,12
270-186_7777,41.4825435,-70.5944455,13
270-186_7777,41.48653,-70.5994237,14
270-186_7777,41.4892304,-70.6056035,15
270-186_7777,41.4932165,-70.6205381,16
270-186_7777,41.4991309,-70.6416524,17
270-186_7777,41.5037592,-70.655042,18
270-186_7777,41.5112152,-70.6658567,19
270-186_7777,41.516089,-70.670296,20
270-186_7777,41.518411,-70.675864,21
270-186_7777,41.519873,-70.683138,22
270-186_7777,41.5211124,-70.6914342,23
270-186_7777,41.5258676,-70.7005323,24
270-186_7777,41.575308,-70.86555,25
270-186_7777,41.624121,-70.905311,26
270-186_7777,41.63562,-70.915482,27
270-186_7777,41.635937,-70.91636,28
270-186_7777,41.6360064,-70.9177711,29
270-186_7777,41.635524,-70.9196609,30
270-7777_186,41.635524,-70.9196609,1
270-7777_186,41.6360064,-70.9177711,2
270-7777_186,41.635937,-70.91636,3
270-7777_186,41.63562,-70.915482,4
270-7777_186,41.624121,-70.905311,5
270-7777_186,41.575308,-70.86555,6
270-7777_186,41.5258676,-70.7005323,7
270-7777_186,41.5211124,-70.6914342,8
270-7777_186,41.519873,-70.683138,9
270-7777_186,41.518411,-70.675864,10
270-7777_186,41.516089,-70.670296,11
270-7777_186,41.5112152,-70.6658567,12
270-7777_186,41.5037592,-70.655042,13
270-7777_186,41.4991309,-70.6416524,14
270-7777_186,41.4932165,-70.6205381,15
270-7777_186,41.4892304,-70.6056035,16
270-7777_186,41.48653,-70.5994237,17
270-7777_186,41.4825435,-70.5944455,18
270-7777_186,41.4791997,-70.5923856,19
270-7777_186,41.47547,-70.591699,20
270-7777_186,41.4704538,-70.5913556,21
270-7777_186,41.4665467,-70.5921496,22
270-7777_186,41.4641026,-70.5923427,23
270-7777_186,41.4616263,-70.5929435,24
270-7777_186,41.4598253,-70.5937482,25
270-7777_186,41.4582332,-70.5947996,26
270-7777_186,41.4574613,-70.5955292,27
270-7777_186,41.4566733,-70.5969025,28
270-7777_186,41.4560783,-70.598662,29
270-7777_186,41.4557339,-70.6002466,30
9220-7777_185,41.4557339,-70.6002466,1
9220-7777_185,41.4572411,-70.5983231,2
9220-7777_185,41.4629015,-70.591285,3
9220-7777_185,41.4675967,-70.5855343,4
9220-7777_185,41.4718414,-70.5760071,5
9220-7777_185,41.4732562,-70.567939,6
9220-7777_185,41.4710696,-70.5573818,7
9220-7777_185,41.4673394,-70.5530045,8
9220-7777_185,41.4486208,-70.5269978,9
9220-7777_185,41.4236543,-70.4458019,10
9220-7777_185,41.4110387,-70.410268,11
9220-7777_185,41.3360669,-70.2190373,12
9220-7777_185,41.30087,-70.1090023,13
9220-7777_185,41.2931333,-70.0949401,14
9220-7777_185,41.2903602,-70.0867862,15
9220-7777_185,41.287845,-70.0876445,16
9220-7777_185,41.2860392,-70.0915927,17
9220-7777_185,41.2861067,-70.09633,18
9220-185_7777,41.2861067,-70.09633,1
9220-185_7777,41.2860392,-70.0915927,2
9220-185_7777,41.287845,-70.0876445,3
9220-185_7777,41.2903602,-70.0867862,4
9220-185_7777,41.2931333,-70.0949401,5
9220-185_7777,41.30087,-70.1090023,6
9220-185_7777,41.3360669,-70.2190373,7
9220-185_7777,41.4110387,-70.410268,8
9220-185_7777,41.4236543,-70.4458019,9
9220-185_7777,41.4486208,-70.5269978,10
9220-185_7777,41.4673394,-70.5530045,11
9220-185_7777,41.4710696,-70.5573818,12
9220-185_7777,41.4732562,-70.567939,13
9220-185_7777,41.4718414,-70.5760071,14
9220-185_7777,41.4675967,-70.5855343,15
9220-185_7777,41.4629015,-70.591285,16
9220-185_7777,41.4572411,-70.5983231,17
9220-185_7777,41.4557339,-70.6002466,18
211-9819_9323_9825_9997,40.4193569,-74.0340811,1
211-9819_9323_9825_9997,40.5144342,-74.0351489,2
211-9819_9323_9825_9997,40.6013589,-74.0369085,3
211-9819_9323_9825_9997,40.6195707,-74.045277,4
211-9819_9323_9825_9997,40.633153,-74.0455344,5
211-9819_9323_9825_9997,40.6793514,-74.0256217,6
211-9819_9323_9825_9997,40.6902858,-74.0069106,7
211-9819_9323_9825_9997,40.7025687,-74.0049365,8
211-9819_9323_9825_9997,40.6970539,-74.0148285,9
211-9819_9323_9825_9997,40.710718,-74.023476,10
211-9819_9323_9825_9997,40.7145565,-74.0176395,11
211-9819_9323_9825_9997,40.7135481,-74.0318015,12
211-9819_9323_9825_9997,40.630059,-74.0511993,13
211-9819_9323_9825_9997,40.5918764,-74.0420154,14
211-9819_9323_9825_9997,40.4991309,-74.0481094,15
211-9819_9323_9825_9997,40.4193844,-74.0342477,16
211-9997_9825_9323_9819,40.4193844,-74.0342477,1
211-9997_9825_9323_9819,40.4991309,-74.0481094,2
211-9997_9825_9323_9819,40.5918764,-74.0420154,3
211-9997_9825_9323_9819,40.630059,-74.0511993,4
211-9997_9825_9323_9819,40.7135481,-74.0318015,5
211-9997_9825_9323_9819,40.7145565,-74.0176395,6
211-9997_9825_9323_9819,40.710718,-74.023476,7
211-9997_9825_9323_9819,40.6970539,-74.0148285,8
211-9997_9825_9323_9819,40.7025687,-74.0049365,9
211-9997_9825_9323_9819,40.6902858,-74.0069106,10
211-9997_9825_9323_9819,40.6793514,-74.0256217,11
211-9997_9825_9323_9819,40.633153,-74.0455344,12
211-9997_9825_9323_9819,40.6195707,-74.045277,13
211-9997_9825_9323_9819,40.6013589,-74.0369085,14
211-9997_9825_9323_9819,40.5144342,-74.0351489,15
211-9997_9825_9323_9819,40.4193569,-74.0340811,16
211-9323_9825_9997_9819,40.7022431,-74.0054058,1
211-9323_9825_9997_9819,40.6967446,-74.0151047,2
211-9323_9825_9997_9819,40.7100184,-74.023323,3
211-9323_9825_9997_9819,40.7145565,-74.0176395,4
211-9323_9825_9997_9819,40.7135481,-74.0318015,5
211-9323_9825_9997_9819,40.691994,-74.0364551,6
211-9323_9825_9997_9819,40.6196194,-74.0521621,7
211-9323_9825_9997_9819,40.587167,-74.0473556,8
211-9323_9825_9997_9819,40.4685625,-74.0454673,9
211-9323_9825_9997_9819,40.4193433,-74.0347599,10
211-9323_9825_9997_9819,40.4605142,-74.0305542,11
211-9323_9825_9997_9819,40.5175661,-74.0354466,12
211-9323_9825_9997_9819,40.6052035,-74.0387081,13
211-9323_9825_9997_9819,40.6175172,-74.0444583,14
211-9323_9825_9997_9819,40.6299611,-74.043858,15
211-9323_9825_9997_9819,40.6724186,-74.0308117,16
211-9323_9825_9997_9819,40.6898626,-74.0082382,17
211-9323_9825_9997_9819,40.7022594,-74.0047621,18
211-9819_9997_9825_9323,40.7022594,-74.0047621,1
211-9819_9997_9825_9323,40.6898626,-74.0082382,2
211-9819_9997_9825_9323,40.6724186,-74.0308117,3
211-9819_9997_9825_9323,40.6299611,-74.043858,4
211-9819_9997_9825_9323,40.6175172,-74.0444583,5
211-9819_9997_9825_9323,40.6052035,-74.0387081,6
211-9819_9997_9825_9323,40.5175661,-74.0354466,7
211-9819_9997_9825_9323,40.4605142,-74.0305542,8
211-9819_9997_9825_9323,40.4193433,-74.0347599,9
211-9819_9997_9825_9323,40.4685625,-74.0454673,10
211-9819_9997_9825_9323,40.587167,-74.0473556,11
211-9819_9997_9825_9323,40.6196194,-74.0521621,12
211-9819_9997_9825_9323,40.691994,-74.0364551,13
211-9819_9997_9825_9323,40.7135481,-74.0318015,14
211-9819_9997_9825_9323,40.7145565,-74.0176395,15
211-9819_9997_9825_9323,40.7100184,-74.023323,16
211-9819_9997_9825_9323,40.6967446,-74.0151047,17
211-9819_9997_9825_9323,40.7022431,-74.0054058,18
211-9819_9323_9825_9997_8306,40.4193844,-74.0342477,1
211-9819_9323_9825_9997_8306,40.4337128,-74.0342666,2
211-9819_9323_9825_9997_8306,40.603032,-74.0376998,3
211-9819_9323_9825_9997_8306,40.63037,-74.048195,4
211-9819_9323_9825_9997_8306,40.6802089,-74.0227653,5
211-9819_9323_9825_9997_8306,40.6909797,-74.008469,6
211-9819_9323_9825_9997_8306,40.7022431,-74.0054058,7
211-9819_9323_9825_9997_8306,40.6971953,-74.0178729,8
211-9819_9323_9825_9997_8306,40.7104691,-74.0242244,9
211-9819_9323_9825_9997_8306,40.714763,-74.0183879,10
211-9819_9323_9825_9997_8306,40.714037,-74.031066,11
211-9819_9323_9825_9997_8306,40.7574265,-74.0156413,12
211-9819_9323_9825_9997_8306,40.7607422,-74.0050842,13
211-8306_9997_9825_9323_9819,40.7607422,-74.0050842,1
211-8306_9997_9825_9323_9819,40.7574265,-74.0156413,2
211-8306_9997_9825_9323_9819,40.714037,-74.031066,3
211-8306_9997_9825_9323_9819,40.714763,-74.0183879,4
211-8306_9997_9825_9323_9819,40.7104691,-74.0242244,5
211-8306_9997_9825_9323_9819,40.6971953,-74.0178729,6
211-8306_9997_9825_9323_9819,40.7022431,-74.0054058,7
211-8306_9997_9825_9323_9819,40.6909797,-74.008469,8
211-8306_9997_9825_9323_9819,40.6802089,-74.0227653,9
211-8306_9997_9825_9323_9819,40.63037,-74.048195,10
211-8306_9997_9825_9323_9819,40.603032,-74.0376998,11
211-8306_9997_9825_9323_9819,40.4337128,-74.0342666,12
211-8306_9997_9825_9323_9819,40.4193844,-74.0342477,13
211-8306_9825_9323_9819,40.4193433,-74.0347599,1
211-8306_9825_9323_9819,40.6025233,-74.0389796,2
211-8306_9825_9323_9819,40.630059,-74.0511993,3
211-8306_9825_9323_9819,40.6805469,-74.0238734,4
211-8306_9825_9323_9819,40.692483,-74.006824,5
211-8306_9825_9323_9819,40.7022431,-74.0054058,6
211-8306_9825_9323_9819,40.6970778,-74.0190669,7
211-8306_9825_9323_9819,40.7394275,-74.0199252,8
211-8306_9825_9323_9819,40.7516194,-74.0159775,9
211-8306_9825_9323_9819,40.7604298,-74.006793,10
211-9819_8306_9997_9825_9323,40.4193437,-74.0368444,1
211-9819_8306_9997_9825_9323,40.6046011,-74.0422518,2
211-9819_8306_9997_9825_9323,40.632225,-74.0510065,3
211-9819_8306_9997_9825_9323,40.7133368,-74.0266306,4
211-9819_8306_9997_9825_9323,40.7556112,-74.013241,5
211-9819_8306_9997_9825_9323,40.758862,-74.0080911,6
211-9819_8306_9997_9825_9323,40.7563914,-74.0173609,7
211-9819_8306_9997_9825_9323,40.7380544,-74.0230257,8
211-9819_8306_9997_9825_9323,40.714037,-74.031066,9
211-9819_8306_9997_9825_9323,40.7114176,-74.0252144,10
211-9819_8306_9997_9825_9323,40.7141501,-74.0183908,11
211-9819_8306_9997_9825_9323,40.7049438,-74.0225536,12
211-9819_8306_9997_9825_9323,40.6948578,-74.0224249,13
211-9819_8306_9997_9825_9323,40.6970703,-74.0134985,14
211-9819_8306_9997_9825_9323,40.6977211,-74.007662,15
211-9819_8306_9997_9825_9323,40.7024062,-74.0062029,16
211-9819_9825_9323,40.4195057,-74.0351532,1
211-9819_9825_9323,40.6022025,-74.0406183,2
211-9819_9825_9323,40.6257887,-74.0516046,3
211-9819_9825_9323,40.6802265,-74.0383867,4
211-9819_9825_9323,40.714763,-74.0183879,5
211-9819_9825_9323,40.7062572,-74.0224005,6
211-9819_9825_9323,40.6988724,-74.0180878,7
211-9819_9825_9323,40.6975058,-74.0117363,8
211-9819_9825_9323,40.69897,-74.0057711,9
211-9819_9825_9323,40.7024062,-74.0062029,10
211-9825_9323_9819,40.7140849,-74.0190775,1
211-9825_9323_9819,40.6987422,-74.0216068,2
211-9825_9323_9819,40.6973757,-74.0078739,3
211-9825_9323_9819,40.7024062,-74.0062029,4
211-9825_9323_9819,40.6980915,-74.0044836,5
211-9825_9323_9819,40.68818,-74.0103001,6
211-9825_9323_9819,40.6782216,-74.0284962,7
211-9825_9323_9819,40.6550447,-74.0389676,8
211-9825_9323_9819,40.6336835,-74.0490097,9
211-9825_9323_9819,40.5776431,-74.0436024,10
211-9825_9323_9819,40.4195057,-74.0351532,11
211-9819_9323_8306,40.4192484,-74.0353867,1
211-9819_9323_8306,40.602714,-74.0396353,2
211-9819_9323_8306,40.63037,-74.048195,3
211-9819_9323_8306,40.6802167,-74.0248724,4
211-9819_9323_8306,40.6898626,-74.0082382,5
211-9819_9323_8306,40.7029335,-74.0063248,6
211-9819_9323_8306,40.6957716,-74.0106245,7
211-9819_9323_8306,40.6992855,-74.0248724,8
211-9819_9323_8306,40.7478115,-74.0168043,9
211-9819_9323_8306,40.755809,-74.0120836,10
211-9819_9323_8306,40.7604298,-74.006793,11
211-9819_9323_8306,40.76023,-74.0049597,12
