shape_id,shape_pt_lat,shape_pt_lon,shape_pt_sequence
R1,41.19888,-74.62801,1
R1,41.199037,-74.628182,11
R1,41.198712,-74.62874,21
R1,41.198853,-74.628998,31
R1,41.20065,-74.62644,41
R1,41.20354,-74.62371,51
R1,41.2051,-74.62176,61
R1,41.20535,-74.62032,71
R1,41.20525,-74.61936,81
R1,41.20483,-74.61605,91
R1,41.20503,-74.61439,101
R1,41.20748,-74.61025,111
R1,41.20777,-74.60937,121
R1,41.20797,-74.60789,131
R1,41.20808,-74.60751,141
R1,41.20803,-74.60696,151
R1,41.20904,-74.60567,161
R1,41.20745,-74.60307,171
R1,41.20448,-74.59877,181
R1,41.20422,-74.59893,191
R1,41.20422,-74.59893,201
R1,41.20298,-74.59939,211
R1,41.20208,-74.59996,221
R1,41.20269,-74.6007,231
R1,41.20312,-74.60114,241
R1,41.20297,-74.60159,251
R1,41.20228,-74.60111,261
R1,41.20204,-74.60089,271
R1,41.19957,-74.5978,281
R1,41.19894,-74.59679,291
R1,41.19894,-74.59667,301
R1,41.19868,-74.5961,311
R1,41.19829,-74.59503,321
R1,41.19808,-74.59459,331
R1,41.19702,-74.59311,341
R1,41.19434,-74.58898,351
R1,41.19361,-74.58797,361
R1,41.19318,-74.58752,371
R1,41.19277,-74.58721,381
R1,41.19233,-74.58699,391
R1,41.19188,-74.58687,401
R1,41.19088,-74.58676,411
R1,41.18813,-74.58665,421
R1,41.1876,-74.58671,431
R1,41.18715,-74.58686,441
R1,41.18648,-74.58738,451
R1,41.18648,-74.58738,461
R1,41.18463,-74.58891,471
R1,41.18394,-74.58934,481
R1,41.18231,-74.59022,491
R1,41.18154,-74.59037,501
R1,41.18029,-74.59001,511
R1,41.17982,-74.58994,521
R1,41.17663,-74.59008,531
R1,41.17507,-74.58927,541
R1,41.17177,-74.58741,551
R1,41.17081,-74.58698,561
R1,41.17002,-74.58686,571
R1,41.16699,-74.58671,581
R1,41.16659,-74.58667,591
R1,41.16596,-74.5865,601
R1,41.16528,-74.58619,611
R1,41.16426,-74.5853,621
R1,41.16392,-74.58491,631
R1,41.16364,-74.58442,641
R1,41.16347,-74.58394,651
R1,41.163,-74.58159,661
R1,41.1628,-74.58107,671
R1,41.1625,-74.58057,681
R1,41.16209,-74.5801,691
R1,41.16156,-74.57972,701
R1,41.158,-74.57813,711
R1,41.15444,-74.57662,721
R1,41.15431,-74.57706,731
R1,41.15431,-74.57706,741
R1,41.15414,-74.57768,751
R1,41.15318,-74.57723,761
R1,41.15236,-74.58265,771
R1,41.15169,-74.58625,781
R1,41.15162,-74.58736,791
R1,41.15165,-74.58814,801
R1,41.15201,-74.59039,811
R1,41.15199,-74.59129,821
R1,41.15175,-74.59234,831
R1,41.15156,-74.59287,841
R1,41.15126,-74.59341,851
R1,41.15072,-74.59405,861
R1,41.15013,-74.59449,871
R1,41.14836,-74.59519,881
R1,41.1479,-74.59543,891
R1,41.14596,-74.59673,901
R1,41.14486,-74.59756,911
R1,41.143679,-74.598649,921
R1,41.14485,-74.60084,931
R1,41.14582,-74.60204,941
R1,41.14583,-74.6027,951
R1,41.14559,-74.603,961
R1,41.14083,-74.60578,971
R1,41.13888,-74.60833,981
R1,41.13916,-74.60902,991
R1,41.13888,-74.60833,1001
R1,41.14083,-74.60578,1011
R1,41.14559,-74.603,1021
R1,41.14583,-74.6027,1031
R1,41.14582,-74.60204,1041
R1,41.14485,-74.60084,1051
R1,41.143679,-74.598649,1061
R1,41.14486,-74.59756,1071
R1,41.14596,-74.59673,1081
R1,41.1479,-74.59543,1091
R1,41.14836,-74.59519,1101
R1,41.15013,-74.59449,1111
R1,41.15072,-74.59405,1121
R1,41.15126,-74.59341,1131
R1,41.15156,-74.59287,1141
R1,41.15175,-74.59234,1151
R1,41.15199,-74.59129,1161
R1,41.15201,-74.59039,1171
R1,41.15165,-74.58814,1181
R1,41.15162,-74.58736,1191
R1,41.15169,-74.58625,1201
R1,41.15236,-74.58265,1211
R1,41.15327,-74.57666,1221
R1,41.15342,-74.57617,1231
R1,41.1523,-74.57574,1241
R1,41.15153,-74.5752,1251
R1,41.14955,-74.57457,1261
R1,41.14778,-74.57387,1271
R1,41.14344,-74.57243,1281
R1,41.14127,-74.57218,1291
R1,41.14127,-74.57218,1301
R1,41.1379,-74.57171,1311
R1,41.13768,-74.57172,1321
R1,41.13705,-74.57189,1331
R1,41.13664,-74.57212,1341
R1,41.13553,-74.57333,1351
R1,41.13394,-74.57448,1361
R1,41.13345,-74.5747,1371
R1,41.13297,-74.5748,1381
R1,41.13182,-74.57492,1391
R1,41.13117,-74.57508,1401
R1,41.12628,-74.57742,1411
R1,41.12576,-74.57779,1421
R1,41.1253,-74.57822,1431
R1,41.12534,-74.57891,1441
R1,41.125524,-74.579991,1451
R1,41.126627,-74.579597,1461
R1,41.12598,-74.58092,1471
R1,41.12553,-74.58175,1481
R1,41.12484,-74.58277,1491
R1,41.12423,-74.58348,1501
R1,41.12349,-74.5842,1511
R1,41.12166,-74.5859,1521
R1,41.12113,-74.5862,1531
R1,41.120602,-74.584972,1541
R1,41.12087,-74.58421,1551
R1,41.1213,-74.58343,1561
R1,41.12159,-74.58271,1571
R1,41.12197,-74.58067,1581
R1,41.12198,-74.57964,1591
R1,41.12038,-74.58004,1601
R1,41.11637,-74.58089,1611
R1,41.11504,-74.58116,1621
R1,41.1147,-74.58118,1631
R1,41.11396,-74.58102,1641
R1,41.1122,-74.58017,1651
R1,41.11172,-74.57999,1661
R1,41.1114,-74.57992,1671
R1,41.11081,-74.57989,1681
R1,41.11087,-74.57877,1691
R1,41.11092,-74.57859,1701
R1,41.11108,-74.57831,1711
R1,41.11125,-74.57751,1721
R1,41.11225,-74.57779,1731
R1,41.11225,-74.57779,1741
R1,41.11223,-74.57945,1751
R1,41.11263,-74.5794,1761
R1,41.11297,-74.57889,1771
R1,41.11405,-74.57842,1781
R1,41.1143,-74.57846,1791
R1,41.114663,-74.579162,1801
R1,41.115621,-74.578932,1811
R1,41.115732,-74.579862,1821
R1,41.11802,-74.579522,1831
R1,41.118187,-74.580562,1841
R1,41.11812,-74.58051,1851
R1,41.11504,-74.58116,1861
R1,41.1147,-74.58118,1871
R1,41.11396,-74.58102,1881
R1,41.1122,-74.58017,1891
R1,41.11172,-74.57999,1901
R1,41.1114,-74.57992,1911
R1,41.11064,-74.57988,1921
R1,41.11045,-74.57991,1931
R1,41.10845,-74.58064,1941
R1,41.10636,-74.58146,1951
R1,41.10537,-74.58171,1961
R1,41.10475,-74.58168,1971
R1,41.10377,-74.58139,1981
R1,41.10338,-74.58115,1991
R1,41.10286,-74.58068,2001
R1,41.10254,-74.58026,2011
R1,41.10214,-74.57956,2021
R1,41.10177,-74.57871,2031
R1,41.10159,-74.57857,2041
R1,41.1014,-74.5785,2051
R1,41.10106,-74.57881,2061
R1,41.10054,-74.57939,2071
R1,41.10029,-74.57957,2081
R1,41.1,-74.57968,2091
R1,41.09968,-74.57971,2101
R1,41.09917,-74.57953,2111
R1,41.09836,-74.57938,2121
R1,41.09792,-74.57946,2131
R1,41.09741,-74.57973,2141
R1,41.09612,-74.58087,2151
R1,41.09555,-74.58131,2161
R1,41.09258,-74.58344,2171
R1,41.09205,-74.58398,2181
R1,41.0908,-74.58499,2191
R1,41.08856,-74.5866,2201
R1,41.08748,-74.58714,2211
R1,41.08675,-74.58758,2221
R1,41.08625,-74.58815,2231
R1,41.08554,-74.58959,2241
R1,41.08537,-74.58979,2251
R1,41.08417,-74.59081,2261
R1,41.08367,-74.59117,2271
R1,41.08367,-74.59117,2281
R1,41.08329,-74.59143,2291
R1,41.08216,-74.59206,2301
R1,41.08052,-74.59284,2311
R1,41.07985,-74.59309,2321
R1,41.07649,-74.59487,2331
R1,41.07563,-74.59537,2341
R1,41.0751,-74.59582,2351
R1,41.0747,-74.59626,2361
R1,41.07431,-74.59678,2371
R1,41.07407,-74.59714,2381
R1,41.07313,-74.59897,2391
R1,41.07234,-74.59992,2401
R1,41.07187,-74.60028,2411
R1,41.06902,-74.60212,2421
R1,41.06853,-74.60238,2431
R1,41.06785,-74.60263,2441
R1,41.06593,-74.60292,2451
R1,41.06495,-74.6032,2461
R1,41.06355,-74.60413,2471
R1,41.06293,-74.60442,2481
R1,41.0623,-74.60449,2491
R1,41.06136,-74.60438,2501
R1,41.06097,-74.6044,2511
R1,41.06054,-74.60453,2521
R1,41.06023,-74.60469,2531
R1,41.05987,-74.60496,2541
R1,41.0584,-74.6062,2551
R1,41.05794,-74.60668,2561
R1,41.0573,-74.60751,2571
R1,41.05662,-74.60864,2581
R1,41.05411,-74.61361,2591
R1,41.05395,-74.61412,2601
R1,41.05337,-74.61672,2611
R1,41.0531,-74.61738,2621
R1,41.05291,-74.61769,2631
R1,41.05211,-74.6186,2641
R1,41.05157,-74.61908,2651
R1,41.05048,-74.61984,2661
R1,41.0496,-74.62074,2671
R1,41.0479,-74.6223,2681
R1,41.0473,-74.62294,2691
R1,41.04531,-74.62624,2701
R1,41.0447,-74.62753,2711
R1,41.04448,-74.6282,2721
R1,41.04405,-74.63091,2731
R1,41.04377,-74.63216,2741
R1,41.04352,-74.63296,2751
R1,41.04322,-74.63373,2761
R1,41.04266,-74.6349,2771
R1,41.0419,-74.63614,2781
R1,41.041696,-74.635194,2791
R1,41.0419,-74.63614,2801
R1,41.0409,-74.63791,2811
R1,41.04038,-74.63908,2821
R1,41.04015,-74.63972,2831
R1,41.03998,-74.64024,2841
R1,41.03977,-74.64122,2851
R1,41.03966,-74.6424,2861
R1,41.03894,-74.64177,2871
R1,41.03815,-74.64083,2881
R1,41.03762,-74.63988,2891
R1,41.03608,-74.63661,2901
R1,41.03594,-74.63673,2911
R1,41.03486,-74.6376,2921
R1,41.03446,-74.63776,2931
R1,41.03419,-74.63784,2941
R1,41.03219,-74.63814,2951
R1,41.03179,-74.63797,2961
R1,41.03159,-74.63778,2971
R1,41.03081,-74.63665,2981
R1,41.030651,-74.636157,2991
R1,41.030863,-74.635921,3001
R1,41.031294,-74.636685,3011
R1,41.031209,-74.637063,3021
R1,41.03159,-74.63778,3031
R1,41.03179,-74.63797,3041
R1,41.03219,-74.63814,3051
R1,41.03419,-74.63784,3061
R1,41.03461,-74.63769,3071
R1,41.03482,-74.63745,3081
R1,41.03492,-74.63722,3091
R1,41.03493,-74.63709,3101
R1,41.03484,-74.63657,3111
R1,41.03495,-74.63626,3121
R1,41.03534,-74.63576,3131
R1,41.03545,-74.63571,3141
R1,41.03558,-74.63575,3151
R1,41.03563,-74.63582,3161
R1,41.03608,-74.63661,3171
R1,41.03762,-74.63988,3181
R1,41.03815,-74.64083,3191
R1,41.03894,-74.64177,3201
R1,41.03966,-74.6424,3211
R1,41.03965,-74.64485,3221
R1,41.03952,-74.64698,3231
R1,41.03922,-74.65073,3241
R1,41.03907,-74.65152,3251
R1,41.03884,-74.65229,3261
R1,41.03807,-74.65396,3271
R1,41.03792,-74.65442,3281
R1,41.0376,-74.65643,3291
R1,41.03729,-74.65757,3301
R1,41.03693,-74.65857,3311
R1,41.03659,-74.65931,3321
R1,41.03595,-74.66027,3331
R1,41.03484,-74.66134,3341
R1,41.03436,-74.66196,3351
R1,41.03419,-74.66229,3361
R1,41.03401,-74.66286,3371
R1,41.03392,-74.66345,3381
R1,41.03392,-74.66385,3391
R1,41.03398,-74.66429,3401
R1,41.03416,-74.66491,3411
R1,41.03528,-74.66713,3421
R1,41.03624,-74.66919,3431
R1,41.03642,-74.66968,3441
R1,41.03659,-74.67053,3451
R1,41.03661,-74.67116,3461
R1,41.03655,-74.67252,3471
R1,41.03657,-74.67295,3481
R1,41.0367,-74.67368,3491
R1,41.03701,-74.67448,3501
R1,41.03821,-74.67697,3511
R1,41.03852,-74.67782,3521
R1,41.03911,-74.68042,3531
R1,41.03923,-74.68127,3541
R1,41.03922,-74.68212,3551
R1,41.03907,-74.68301,3561
R1,41.03876,-74.68386,3571
R1,41.03748,-74.68599,3581
R1,41.03707,-74.68683,3591
R1,41.03576,-74.69027,3601
R1,41.0356,-74.69116,3611
R1,41.03557,-74.69199,3621
R1,41.03562,-74.69259,3631
R1,41.03725,-74.70019,3641
R1,41.03745,-74.70091,3651
R1,41.03907,-74.70023,3661
R1,41.04125,-74.69979,3671
R1,41.04168,-74.69964,3681
R1,41.04249,-74.69906,3691
R1,41.04314,-74.69851,3701
R1,41.04351,-74.69804,3711
R1,41.04408,-74.69714,3721
R1,41.04479,-74.69783,3731
R1,41.04504,-74.69801,3741
R1,41.0457,-74.69812,3751
R1,41.04568,-74.6995,3761
R1,41.04568,-74.6995,3771
R1,41.04566,-74.70282,3781
R1,41.04545,-74.70442,3791
R1,41.04521,-74.7058,3801
R1,41.04465,-74.70829,3811
R1,41.04406,-74.70957,3821
R1,41.04373,-74.71072,3831
R1,41.04249,-74.71674,3841
R1,41.04244,-74.71727,3851
R1,41.04251,-74.71781,3861
R1,41.0426,-74.71813,3871
R1,41.04336,-74.72004,3881
R1,41.04248,-74.72057,3891
R1,41.04164,-74.72097,3901
R1,41.04147,-74.72101,3911
R1,41.04215,-74.72504,3921
R1,41.04228,-74.72609,3931
R1,41.04267,-74.73152,3941
R1,41.04265,-74.73218,3951
R1,41.04204,-74.73686,3961
R1,41.04202,-74.73755,3971
R1,41.04205,-74.73789,3981
R1,41.04216,-74.73833,3991
R1,41.04227,-74.73851,4001
R1,41.04255,-74.73877,4011
R1,41.04344,-74.73908,4021
R1,41.04393,-74.73947,4031
R1,41.04658,-74.74289,4041
R1,41.04722,-74.74398,4051
R1,41.04806,-74.74635,4061
R1,41.04831,-74.74691,4071
R1,41.04863,-74.74737,4081
R1,41.0509,-74.74934,4091
R1,41.05154,-74.74974,4101
R1,41.05232,-74.75007,4111
R1,41.0525,-74.75009,4121
R1,41.05362,-74.74958,4131
R1,41.05403,-74.74927,4141
R1,41.05462,-74.74916,4151
R1,41.05465,-74.74872,4161
R1,41.05473,-74.74854,4171
R1,41.05473,-74.74854,4181
R1,41.05465,-74.74872,4191
R1,41.055849,-74.747181,4201
R1,41.059566,-74.752275,4211
R1,41.059795,-74.752715,4221
R1,41.05862,-74.75345,4231
R1,41.05855,-74.75376,4241
R1,41.05843,-74.75402,4251
R1,41.05809,-74.75446,4261
R1,41.05756,-74.75533,4271
R1,41.05693,-74.75721,4281
R1,41.05691,-74.75749,4291
R1,41.05704,-74.76191,4301
R1,41.057,-74.76225,4311
R1,41.05591,-74.76443,4321
R1,41.055637,-74.764988,4331
R1,41.05591,-74.76545,4341
R1,41.056494,-74.766371,4351
R1,41.05734,-74.7668,4361
R1,41.05813,-74.7663,4371
R1,41.05838,-74.7663,4381
R1,41.058181,-74.766791,4391
R1,41.057245,-74.767901,4401
R1,41.05633,-74.76882,4411
R1,41.05631,-74.76872,4421
R1,41.05612,-74.7685,4431
R1,41.05454,-74.76698,4441
R1,41.05591,-74.76443,4451
R1,41.057,-74.76225,4461
R1,41.05704,-74.76191,4471
R1,41.05691,-74.75749,4481
R1,41.05693,-74.75721,4491
R1,41.05756,-74.75533,4501
R1,41.05835,-74.7541,4511
R1,41.05836,-74.75399,4521
R1,41.05835,-74.75389,4531
R1,41.05824,-74.75368,4541
R1,41.05768,-74.75287,4551
R1,41.05806,-74.75244,4561
R1,41.05844,-74.75299,4571
R1,41.05871,-74.75308,4581
R1,41.05939,-74.75305,4591
R1,41.05975,-74.75278,4601
R1,41.06038,-74.75396,4611
R1,41.06099,-74.75499,4621
R1,41.06136,-74.75549,4631
R1,41.06167,-74.7557,4641
R1,41.06196,-74.75578,4651
R1,41.06289,-74.75574,4661
R1,41.06397,-74.75548,4671
R1,41.0644,-74.75532,4681
R1,41.0663,-74.75435,4691
R1,41.06718,-74.75383,4701
R1,41.06698,-74.75293,4711
R1,41.06668,-74.75313,4721
R1,41.066222,-74.754356,4731
R1,41.06718,-74.75383,4741
R1,41.07041,-74.75202,4751
R1,41.07095,-74.7532,4761
R1,41.07273,-74.75404,4771
R1,41.07347,-74.75497,4781
R1,41.07296,-74.75578,4791
R1,41.07201,-74.75645,4801
R1,41.07081,-74.75782,4811
R1,41.0697,-74.75881,4821
R1,41.06842,-74.7599,4831
R1,41.06694,-74.75928,4841
R1,41.06684,-74.75921,4851
R1,41.06672,-74.75901,4861
R1,41.06615,-74.75674,4871
R1,41.06602,-74.75652,4881
R1,41.06582,-74.75632,4891
R1,41.06558,-74.75624,4901
R1,41.06515,-74.75622,4911
R1,41.0649,-74.7561,4921
R1,41.06492,-74.75573,4931
R1,41.06489,-74.75541,4941
R1,41.06479,-74.75512,4951
R1,41.06397,-74.75548,4961
R1,41.063595,-74.755493,4971
R1,41.063209,-74.754099,4981
R1,41.062115,-74.752905,4991
R1,41.060962,-74.751328,5001
R1,41.06124,-74.75107,5011
R1,41.06326,-74.74888,5021
R1,41.06453,-74.74767,5031
R1,41.063915,-74.746339,5041
R1,41.064125,-74.746132,5051
R1,41.063619,-74.745119,5061
R1,41.064305,-74.744571,5071
R1,41.065662,-74.746441,5081
R1,41.06648,-74.74537,5091
R1,41.06695,-74.74483,5101
R1,41.07074,-74.74124,5111
R1,41.07074,-74.74124,5121
R1,41.06846,-74.74341,5131
R1,41.07139,-74.74058,5141
R1,41.07064,-74.73882,5151
R1,41.07019,-74.73934,5161
R1,41.06921,-74.74035,5171
R1,41.06899,-74.74106,5181
R1,41.06953,-74.742227,5191
R1,41.070372,-74.743769,5201
R1,41.069223,-74.744834,5211
R2,41.069223,-74.744834,5221
R2,41.068709,-74.744051,5231
R2,41.067652,-74.745215,5241
R2,41.067514,-74.745953,5251
R2,41.068052,-74.747653,5261
R2,41.067963,-74.748428,5271
R2,41.067468,-74.749794,5281
R2,41.069662,-74.750588,5291
R2,41.07041,-74.75202,5301
R2,41.07095,-74.7532,5311
R2,41.07273,-74.75404,5321
R2,41.07347,-74.75497,5331
R2,41.07296,-74.75578,5341
R2,41.07201,-74.75645,5351
R2,41.07081,-74.75782,5361
R2,41.0697,-74.75881,5371
R2,41.06842,-74.7599,5381
R2,41.06694,-74.75928,5391
R2,41.06684,-74.75921,5401
R2,41.06672,-74.75901,5411
R2,41.06615,-74.75674,5421
R2,41.06602,-74.75652,5431
R2,41.06582,-74.75632,5441
R2,41.06558,-74.75624,5451
R2,41.06515,-74.75622,5461
R2,41.0649,-74.7561,5471
R2,41.06492,-74.75573,5481
R2,41.06489,-74.75541,5491
R2,41.06479,-74.75512,5501
R2,41.0663,-74.75435,5511
R2,41.06718,-74.75383,5521
R2,41.06698,-74.75293,5531
R2,41.06668,-74.75313,5541
R2,41.066222,-74.754356,5551
R2,41.06397,-74.75548,5561
R2,41.0644,-74.75532,5571
R2,41.06397,-74.75548,5581
R2,41.06289,-74.75574,5591
R2,41.06196,-74.75578,5601
R2,41.06167,-74.7557,5611
R2,41.06136,-74.75549,5621
R2,41.06099,-74.75499,5631
R2,41.06038,-74.75396,5641
R2,41.05975,-74.75278,5651
R2,41.05939,-74.75305,5661
R2,41.05862,-74.75345,5671
R2,41.05855,-74.75376,5681
R2,41.05843,-74.75402,5691
R2,41.05809,-74.75446,5701
R2,41.05756,-74.75533,5711
R2,41.05693,-74.75721,5721
R2,41.05691,-74.75749,5731
R2,41.05704,-74.76191,5741
R2,41.057,-74.76225,5751
R2,41.05591,-74.76443,5761
R2,41.055637,-74.764988,5771
R2,41.05591,-74.76545,5781
R2,41.056494,-74.766371,5791
R2,41.05734,-74.7668,5801
R2,41.05813,-74.7663,5811
R2,41.05838,-74.7663,5821
R2,41.058181,-74.766791,5831
R2,41.057245,-74.767901,5841
R2,41.05633,-74.76882,5851
R2,41.05631,-74.76872,5861
R2,41.05612,-74.7685,5871
R2,41.05454,-74.76698,5881
R2,41.05591,-74.76443,5891
R2,41.057,-74.76225,5901
R2,41.05704,-74.76191,5911
R2,41.05691,-74.75749,5921
R2,41.05693,-74.75721,5931
R2,41.05756,-74.75533,5941
R2,41.05835,-74.7541,5951
R2,41.05836,-74.75399,5961
R2,41.05835,-74.75389,5971
R2,41.05824,-74.75368,5981
R2,41.05768,-74.75287,5991
R2,41.05806,-74.75244,6001
R2,41.05844,-74.75299,6011
R2,41.05871,-74.75308,6021
R2,41.05939,-74.75305,6031
R2,41.05975,-74.75278,6041
R2,41.05809,-74.75037,6051
R2,41.056919,-74.748595,6061
R2,41.056187,-74.749705,6071
R2,41.05544,-74.749204,6081
R2,41.05403,-74.74927,6091
R2,41.05362,-74.74958,6101
R2,41.0525,-74.75009,6111
R2,41.05232,-74.75007,6121
R2,41.05154,-74.74974,6131
R2,41.0509,-74.74934,6141
R2,41.04863,-74.74737,6151
R2,41.04831,-74.74691,6161
R2,41.04806,-74.74635,6171
R2,41.04722,-74.74398,6181
R2,41.04658,-74.74289,6191
R2,41.04393,-74.73947,6201
R2,41.04344,-74.73908,6211
R2,41.04255,-74.73877,6221
R2,41.04227,-74.73851,6231
R2,41.04216,-74.73833,6241
R2,41.04205,-74.73789,6251
R2,41.04202,-74.73755,6261
R2,41.04204,-74.73686,6271
R2,41.04265,-74.73218,6281
R2,41.04267,-74.73152,6291
R2,41.04149,-74.721,6301
R2,41.0434,-74.72006,6311
R2,41.04251,-74.71785,6321
R2,41.04254,-74.71647,6331
R2,41.04401,-74.70972,6341
R2,41.04461,-74.70839,6351
R2,41.04521,-74.7058,6361
R2,41.04545,-74.70442,6371
R2,41.04566,-74.70282,6381
R2,41.04568,-74.6995,6391
R2,41.0457,-74.69812,6401
R2,41.04504,-74.69801,6411
R2,41.04479,-74.69783,6421
R2,41.04408,-74.69714,6431
R2,41.04351,-74.69804,6441
R2,41.04314,-74.69851,6451
R2,41.04249,-74.69906,6461
R2,41.04168,-74.69964,6471
R2,41.04125,-74.69979,6481
R2,41.03907,-74.70023,6491
R2,41.03745,-74.70091,6501
R2,41.03725,-74.70019,6511
R2,41.03562,-74.69259,6521
R2,41.03557,-74.69199,6531
R2,41.0356,-74.69116,6541
R2,41.03576,-74.69027,6551
R2,41.03707,-74.68683,6561
R2,41.03748,-74.68599,6571
R2,41.03876,-74.68386,6581
R2,41.03907,-74.68301,6591
R2,41.03922,-74.68212,6601
R2,41.03923,-74.68127,6611
R2,41.03911,-74.68042,6621
R2,41.03852,-74.67782,6631
R2,41.03821,-74.67697,6641
R2,41.03701,-74.67448,6651
R2,41.0367,-74.67368,6661
R2,41.03657,-74.67295,6671
R2,41.03655,-74.67252,6681
R2,41.03661,-74.67116,6691
R2,41.03659,-74.67053,6701
R2,41.03642,-74.66968,6711
R2,41.03624,-74.66919,6721
R2,41.03528,-74.66713,6731
R2,41.03416,-74.66491,6741
R2,41.03398,-74.66429,6751
R2,41.03392,-74.66385,6761
R2,41.03392,-74.66345,6771
R2,41.03401,-74.66286,6781
R2,41.03419,-74.66229,6791
R2,41.03436,-74.66196,6801
R2,41.03484,-74.66134,6811
R2,41.03595,-74.66027,6821
R2,41.03659,-74.65931,6831
R2,41.03693,-74.65857,6841
R2,41.03729,-74.65757,6851
R2,41.0376,-74.65643,6861
R2,41.03792,-74.65442,6871
R2,41.03807,-74.65396,6881
R2,41.03884,-74.65229,6891
R2,41.03907,-74.65152,6901
R2,41.03922,-74.65073,6911
R2,41.03952,-74.64698,6921
R2,41.03965,-74.64485,6931
R2,41.03966,-74.6424,6941
R2,41.03894,-74.64177,6951
R2,41.03815,-74.64083,6961
R2,41.03762,-74.63988,6971
R2,41.03608,-74.63661,6981
R2,41.03594,-74.63673,6991
R2,41.03486,-74.6376,7001
R2,41.03446,-74.63776,7011
R2,41.03419,-74.63784,7021
R2,41.03219,-74.63814,7031
R2,41.03179,-74.63797,7041
R2,41.03159,-74.63778,7051
R2,41.03081,-74.63665,7061
R2,41.030651,-74.636157,7071
R2,41.030863,-74.635921,7081
R2,41.031294,-74.636685,7091
R2,41.031209,-74.637063,7101
R2,41.03159,-74.63778,7111
R2,41.03179,-74.63797,7121
R2,41.03219,-74.63814,7131
R2,41.03419,-74.63784,7141
R2,41.03461,-74.63769,7151
R2,41.03532,-74.63724,7161
R2,41.03614,-74.63651,7171
R2,41.03979,-74.63233,7181
R2,41.04051,-74.63307,7191
R2,41.04167,-74.6346,7201
R2,41.04167,-74.6357,7211
R2,41.0419,-74.63614,7221
R2,41.041696,-74.635194,7231
R2,41.0419,-74.63614,7241
R2,41.04266,-74.6349,7251
R2,41.04322,-74.63373,7261
R2,41.04352,-74.63296,7271
R2,41.04377,-74.63216,7281
R2,41.04405,-74.63091,7291
R2,41.04448,-74.6282,7301
R2,41.0447,-74.62753,7311
R2,41.04531,-74.62624,7321
R2,41.0473,-74.62294,7331
R2,41.0479,-74.6223,7341
R2,41.0496,-74.62074,7351
R2,41.05048,-74.61984,7361
R2,41.05157,-74.61908,7371
R2,41.05211,-74.6186,7381
R2,41.05291,-74.61769,7391
R2,41.0531,-74.61738,7401
R2,41.05337,-74.61672,7411
R2,41.05395,-74.61412,7421
R2,41.05411,-74.61361,7431
R2,41.05662,-74.60864,7441
R2,41.0573,-74.60751,7451
R2,41.05794,-74.60668,7461
R2,41.0584,-74.6062,7471
R2,41.05987,-74.60496,7481
R2,41.06023,-74.60469,7491
R2,41.06054,-74.60453,7501
R2,41.06097,-74.6044,7511
R2,41.06136,-74.60438,7521
R2,41.0623,-74.60449,7531
R2,41.06293,-74.60442,7541
R2,41.06355,-74.60413,7551
R2,41.06495,-74.6032,7561
R2,41.06593,-74.60292,7571
R2,41.06785,-74.60263,7581
R2,41.06853,-74.60238,7591
R2,41.06902,-74.60212,7601
R2,41.07187,-74.60028,7611
R2,41.07234,-74.59992,7621
R2,41.07313,-74.59897,7631
R2,41.07407,-74.59714,7641
R2,41.07431,-74.59678,7651
R2,41.0747,-74.59626,7661
R2,41.0751,-74.59582,7671
R2,41.07563,-74.59537,7681
R2,41.07649,-74.59487,7691
R2,41.07985,-74.59309,7701
R2,41.08052,-74.59284,7711
R2,41.08216,-74.59206,7721
R2,41.08329,-74.59143,7731
R2,41.08367,-74.59117,7741
R2,41.08367,-74.59117,7751
R2,41.08417,-74.59081,7761
R2,41.08537,-74.58979,7771
R2,41.08554,-74.58959,7781
R2,41.08625,-74.58815,7791
R2,41.08675,-74.58758,7801
R2,41.08748,-74.58714,7811
R2,41.08856,-74.5866,7821
R2,41.0908,-74.58499,7831
R2,41.09205,-74.58398,7841
R2,41.09258,-74.58344,7851
R2,41.09555,-74.58131,7861
R2,41.09612,-74.58087,7871
R2,41.09741,-74.57973,7881
R2,41.09792,-74.57946,7891
R2,41.09836,-74.57938,7901
R2,41.09917,-74.57953,7911
R2,41.09968,-74.57971,7921
R2,41.1,-74.57968,7931
R2,41.10029,-74.57957,7941
R2,41.10054,-74.57939,7951
R2,41.10106,-74.57881,7961
R2,41.1014,-74.5785,7971
R2,41.10159,-74.57857,7981
R2,41.10177,-74.57871,7991
R2,41.10214,-74.57956,8001
R2,41.10254,-74.58026,8011
R2,41.10286,-74.58068,8021
R2,41.10338,-74.58115,8031
R2,41.10377,-74.58139,8041
R2,41.10475,-74.58168,8051
R2,41.10537,-74.58171,8061
R2,41.10636,-74.58146,8071
R2,41.10845,-74.58064,8081
R2,41.11045,-74.57991,8091
R2,41.11064,-74.57988,8101
R2,41.11081,-74.57989,8111
R2,41.11087,-74.57877,8121
R2,41.11092,-74.57859,8131
R2,41.11108,-74.57831,8141
R2,41.11125,-74.57751,8151
R2,41.11225,-74.57779,8161
R2,41.11225,-74.57779,8171
R2,41.11223,-74.57945,8181
R2,41.11263,-74.5794,8191
R2,41.11297,-74.57889,8201
R2,41.11405,-74.57842,8211
R2,41.1143,-74.57846,8221
R2,41.114663,-74.579162,8231
R2,41.115621,-74.578932,8241
R2,41.115732,-74.579862,8251
R2,41.11802,-74.579522,8261
R2,41.118187,-74.580562,8271
R2,41.12038,-74.58004,8281
R2,41.12198,-74.57964,8291
R2,41.12197,-74.58067,8301
R2,41.12159,-74.58271,8311
R2,41.1213,-74.58343,8321
R2,41.12087,-74.58421,8331
R2,41.120602,-74.584972,8341
R2,41.12113,-74.5862,8351
R2,41.12166,-74.5859,8361
R2,41.12349,-74.5842,8371
R2,41.12423,-74.58348,8381
R2,41.12484,-74.58277,8391
R2,41.12553,-74.58175,8401
R2,41.12598,-74.58092,8411
R2,41.126627,-74.579597,8421
R2,41.125524,-74.579991,8431
R2,41.12534,-74.57891,8441
R2,41.1253,-74.57822,8451
R2,41.12576,-74.57779,8461
R2,41.12628,-74.57742,8471
R2,41.13117,-74.57508,8481
R2,41.13182,-74.57492,8491
R2,41.13297,-74.5748,8501
R2,41.13345,-74.5747,8511
R2,41.13394,-74.57448,8521
R2,41.13553,-74.57333,8531
R2,41.13664,-74.57212,8541
R2,41.13705,-74.57189,8551
R2,41.13768,-74.57172,8561
R2,41.1379,-74.57171,8571
R2,41.14127,-74.57218,8581
R2,41.14127,-74.57218,8591
R2,41.14344,-74.57243,8601
R2,41.14778,-74.57387,8611
R2,41.14955,-74.57457,8621
R2,41.15153,-74.5752,8631
R2,41.1523,-74.57574,8641
R2,41.15342,-74.57617,8651
R2,41.15318,-74.57723,8661
R2,41.15236,-74.58265,8671
R2,41.15169,-74.58625,8681
R2,41.15162,-74.58736,8691
R2,41.15165,-74.58814,8701
R2,41.15201,-74.59039,8711
R2,41.15199,-74.59129,8721
R2,41.15175,-74.59234,8731
R2,41.15156,-74.59287,8741
R2,41.15126,-74.59341,8751
R2,41.15072,-74.59405,8761
R2,41.15013,-74.59449,8771
R2,41.14836,-74.59519,8781
R2,41.1479,-74.59543,8791
R2,41.14596,-74.59673,8801
R2,41.14486,-74.59756,8811
R2,41.143679,-74.598649,8821
R2,41.14485,-74.60084,8831
R2,41.14582,-74.60204,8841
R2,41.14583,-74.6027,8851
R2,41.14559,-74.603,8861
R2,41.14083,-74.60578,8871
R2,41.13888,-74.60833,8881
R2,41.13916,-74.60902,8891
R2,41.13888,-74.60833,8901
R2,41.14083,-74.60578,8911
R2,41.14559,-74.603,8921
R2,41.14583,-74.6027,8931
R2,41.14582,-74.60204,8941
R2,41.14485,-74.60084,8951
R2,41.143679,-74.598649,8961
R2,41.14486,-74.59756,8971
R2,41.14596,-74.59673,8981
R2,41.1479,-74.59543,8991
R2,41.14836,-74.59519,9001
R2,41.15013,-74.59449,9011
R2,41.15072,-74.59405,9021
R2,41.15126,-74.59341,9031
R2,41.15156,-74.59287,9041
R2,41.15175,-74.59234,9051
R2,41.15199,-74.59129,9061
R2,41.15201,-74.59039,9071
R2,41.15165,-74.58814,9081
R2,41.15162,-74.58736,9091
R2,41.15169,-74.58625,9101
R2,41.15236,-74.58265,9111
R2,41.15414,-74.57768,9121
R2,41.15431,-74.57706,9131
R2,41.15431,-74.57706,9141
R2,41.15444,-74.57662,9151
R2,41.158,-74.57813,9161
R2,41.16156,-74.57972,9171
R2,41.16209,-74.5801,9181
R2,41.1625,-74.58057,9191
R2,41.1628,-74.58107,9201
R2,41.163,-74.58159,9211
R2,41.16347,-74.58394,9221
R2,41.16364,-74.58442,9231
R2,41.16392,-74.58491,9241
R2,41.16426,-74.5853,9251
R2,41.16528,-74.58619,9261
R2,41.16596,-74.5865,9271
R2,41.16659,-74.58667,9281
R2,41.16699,-74.58671,9291
R2,41.17002,-74.58686,9301
R2,41.17081,-74.58698,9311
R2,41.17177,-74.58741,9321
R2,41.17507,-74.58927,9331
R2,41.17663,-74.59008,9341
R2,41.17982,-74.58994,9351
R2,41.18029,-74.59001,9361
R2,41.18154,-74.59037,9371
R2,41.18231,-74.59022,9381
R2,41.18394,-74.58934,9391
R2,41.18463,-74.58891,9401
R2,41.18648,-74.58738,9411
R2,41.18648,-74.58738,9421
R2,41.18715,-74.58686,9431
R2,41.1876,-74.58671,9441
R2,41.18813,-74.58665,9451
R2,41.19088,-74.58676,9461
R2,41.19188,-74.58687,9471
R2,41.19233,-74.58699,9481
R2,41.19277,-74.58721,9491
R2,41.19318,-74.58752,9501
R2,41.19361,-74.58797,9511
R2,41.19434,-74.58898,9521
R2,41.19702,-74.59311,9531
R2,41.19808,-74.59459,9541
R2,41.19829,-74.59503,9551
R2,41.19868,-74.5961,9561
R2,41.19894,-74.59667,9571
R2,41.19894,-74.59679,9581
R2,41.19957,-74.5978,9591
R2,41.20204,-74.60089,9601
R2,41.20228,-74.60111,9611
R2,41.20297,-74.60159,9621
R2,41.20312,-74.60114,9631
R2,41.20269,-74.6007,9641
R2,41.20208,-74.59996,9651
R2,41.20298,-74.59939,9661
R2,41.20422,-74.59893,9671
R2,41.20422,-74.59893,9681
R2,41.20448,-74.59877,9691
R2,41.20745,-74.60307,9701
R2,41.20904,-74.60567,9711
R2,41.20803,-74.60696,9721
R2,41.20808,-74.60751,9731
R2,41.20797,-74.60789,9741
R2,41.20777,-74.60937,9751
R2,41.20748,-74.61025,9761
R2,41.20503,-74.61439,9771
R2,41.20483,-74.61605,9781
R2,41.20525,-74.61936,9791
R2,41.20535,-74.62032,9801
R2,41.2051,-74.62176,9811
R2,41.20354,-74.62371,9821
R2,41.20065,-74.62644,9831
R2,41.198853,-74.628998,9841
R2,41.198712,-74.62874,9851
R2,41.199037,-74.628182,9861
R2,41.19888,-74.62801,9871
N1,41.06348,-74.74192,1
N1,41.06346,-74.7422,2
N1,41.06334,-74.74267,3
N1,41.06333,-74.74293,4
N1,41.06338,-74.74321,5
N1,41.0635,-74.7435,6
N1,41.06562,-74.74652,7
N1,41.06044,-74.75204,13
N1,41.06048,-74.752,14
N1,41.06048,-74.752,15
N1,41.05994,-74.7526,16
N1,41.05939,-74.75305,17
N1,41.05926,-74.75315,18
N1,41.0588,-74.75328,19
N1,41.05862,-74.75345,20
N1,41.05858,-74.75363,21
N1,41.05847,-74.75374,22
N1,41.05834,-74.75374,23
N1,41.05824,-74.75368,24
N1,41.05768,-74.75287,25
N1,41.05677,-74.75394,26
N1,41.05556,-74.75497,27
N1,41.05556,-74.75497,28
N1,41.05467,-74.75528,29
N1,41.05386,-74.75564,30
N1,41.05347,-74.75588,31
N1,41.05243,-74.7567,32
N1,41.05219,-74.75683,33
N1,41.05197,-74.75676,34
N1,41.05009,-74.75678,35
N1,41.04901,-74.75673,36
N1,41.04901,-74.75673,37
N1,41.04662,-74.75653,38
N1,41.04638,-74.75657,39
N1,41.04617,-74.75675,40
N1,41.04532,-74.75778,41
N1,41.04532,-74.75778,42
N1,41.04395,-74.76006,43
N1,41.04361,-74.7605,44
N1,41.04323,-74.76089,45
N1,41.04111,-74.76266,46
N1,41.04111,-74.76266,47
N1,41.04054,-74.76317,48
N1,41.03969,-74.76417,49
N1,41.03922,-74.76459,50
N1,41.03826,-74.7652,51
N1,41.03709,-74.76582,52
N1,41.03664,-74.76601,53
N1,41.03552,-74.76625,54
N1,41.03487,-74.76627,55
N1,41.03262,-74.76611,56
N1,41.03196,-74.76618,57
N1,41.03152,-74.76629,58
N1,41.03152,-74.76629,59
N1,41.03103,-74.76644,60
N1,41.03029,-74.76684,61
N1,41.02979,-74.76721,62
N1,41.0292,-74.76753,63
N1,41.02817,-74.76795,64
N1,41.02746,-74.76812,65
N1,41.02263,-74.76891,66
N1,41.02263,-74.76891,67
N1,41.02039,-74.76926,68
N1,41.0199,-74.76926,69
N1,41.01919,-74.76913,70
N1,41.01919,-74.76913,71
N1,41.01822,-74.76865,72
N1,41.01708,-74.76786,73
N1,41.01555,-74.76717,74
N1,41.01555,-74.76717,75
N1,41.01297,-74.7661,76
N1,41.0123,-74.76565,77
N1,41.01168,-74.76501,78
N1,41.01131,-74.76449,79
N1,41.01108,-74.76404,80
N1,41.00939,-74.7602,81
N1,41.00907,-74.75912,82
N1,41.00883,-74.75739,83
N1,41.0087,-74.75692,84
N1,41.00849,-74.75639,85
N1,41.0081,-74.75574,86
N1,41.00767,-74.75529,87
N1,41.00706,-74.75488,88
N1,41.00437,-74.75354,89
N1,41.00317,-74.75286,90
N1,41.00228,-74.75217,91
N1,41.00059,-74.75063,92
N1,41.00022,-74.75017,93
N1,40.99993,-74.74954,94
N1,40.99965,-74.7485,95
N1,40.99936,-74.74675,96
N1,40.99915,-74.74617,97
N1,40.99893,-74.74576,98
N1,40.99864,-74.74537,99
N1,40.99807,-74.74477,100
N1,40.99758,-74.7444,101
N1,40.99653,-74.74379,102
N1,40.99606,-74.74359,103
N1,40.99334,-74.74319,104
N1,40.99068,-74.74273,105
N1,40.98721,-74.74225,106
N1,40.98483,-74.74183,107
N1,40.98438,-74.74164,108
N1,40.98242,-74.74041,109
N1,40.98151,-74.7397,110
N1,40.97928,-74.73887,111
N1,40.9787,-74.73873,112
N1,40.97822,-74.73875,113
N1,40.97493,-74.73949,114
N1,40.97452,-74.73973,115
N1,40.97417,-74.74004,116
N1,40.97348,-74.74079,117
N1,40.97305,-74.74107,118
N1,40.97271,-74.74118,119
N1,40.97206,-74.74116,120
N1,40.96819,-74.74043,121
N1,40.96718,-74.74001,122
N1,40.96606,-74.73943,123
N1,40.9649,-74.73903,124
N1,40.9645,-74.73894,125
N1,40.9624,-74.73897,126
N1,40.96175,-74.73888,127
N1,40.95729,-74.73769,128
N1,40.95656,-74.73728,129
N1,40.9554,-74.73646,130
N1,40.95306,-74.73553,131
N1,40.95245,-74.73525,132
N1,40.95139,-74.73465,133
N1,40.95016,-74.7338,134
N1,40.94846,-74.73235,135
N1,40.94846,-74.73235,136
N1,40.94683,-74.73092,137
N1,40.9464,-74.73059,138
N1,40.94617,-74.73047,139
N1,40.94539,-74.7302,140
N1,40.94253,-74.72948,141
N1,40.94195,-74.72913,142
N1,40.94145,-74.72858,143
N1,40.94106,-74.72783,144
N1,40.94068,-74.72696,145
N1,40.94042,-74.72653,146
N1,40.94021,-74.72628,147
N1,40.93978,-74.72593,148
N1,40.93853,-74.72535,149
N1,40.93791,-74.72494,150
N1,40.93741,-74.72428,151
N1,40.93609,-74.72213,152
N1,40.93554,-74.72136,153
N1,40.93528,-74.72113,154
N1,40.93499,-74.721,155
N1,40.93425,-74.72048,156
N1,40.93382,-74.7201,157
N1,40.93324,-74.719386,158
N1,40.933629,-74.718672,159
N1,40.933299,-74.718508,160
N1,40.933199,-74.718423,161
N1,40.9328,-74.71802,162
N1,40.93236,-74.71884,163
N1,40.93227,-74.71876,164
N1,40.93201,-74.7187,165
N1,40.93004,-74.71861,166
N1,40.9294,-74.71864,167
N1,40.92851,-74.71884,168
N1,40.92804,-74.71886,169
N1,40.92512,-74.71866,170
N1,40.92105,-74.71856,171
N1,40.92093,-74.71862,172
N1,40.9185,-74.71855,173
N1,40.91816,-74.7185,174
N1,40.9177,-74.71835,175
N1,40.91607,-74.71767,176
N1,40.91493,-74.71713,177
N1,40.91437,-74.71681,178
N1,40.91395,-74.71644,179
N1,40.91359,-74.71594,180
N1,40.9128,-74.71452,181
N1,40.91257,-74.7142,182
N1,40.91213,-74.71376,183
N1,40.90993,-74.71251,184
N1,40.90927,-74.71205,185
N1,40.90927,-74.71205,186
N1,40.90883,-74.71167,187
N1,40.90849,-74.71122,188
N1,40.90803,-74.71031,189
N1,40.90753,-74.70875,190
N1,40.90738,-74.70842,191
N1,40.90711,-74.708,192
N1,40.90675,-74.70756,193
N1,40.90633,-74.70722,194
N1,40.90591,-74.707,195
N1,40.90444,-74.70663,196
N1,40.9042,-74.70651,197
N1,40.90376,-74.70617,198
N1,40.90327,-74.70547,199
N1,40.90304,-74.70525,200
N1,40.90286,-74.70515,201
N1,40.9015,-74.70482,202
N1,40.9015,-74.70482,203
N1,40.90127,-74.70477,204
N1,40.90067,-74.70514,205
N1,40.90037,-74.70543,206
N1,40.89966,-74.70638,207
N1,40.89934,-74.70669,208
N1,40.89799,-74.70662,209
N1,40.89774,-74.70667,210
N1,40.897851,-74.707533,211
N2,40.897851,-74.707533,1
N2,40.89774,-74.70667,2
N2,40.89799,-74.70662,3
N2,40.89934,-74.70669,4
N2,40.89966,-74.70638,5
N2,40.90037,-74.70543,6
N2,40.90067,-74.70514,7
N2,40.90127,-74.70477,8
N2,40.9015,-74.70482,9
N2,40.9015,-74.70482,10
N2,40.90286,-74.70515,11
N2,40.90304,-74.70525,12
N2,40.90327,-74.70547,13
N2,40.90376,-74.70617,14
N2,40.9042,-74.70651,15
N2,40.90444,-74.70663,16
N2,40.90591,-74.707,17
N2,40.90633,-74.70722,18
N2,40.90675,-74.70756,19
N2,40.90711,-74.708,20
N2,40.90738,-74.70842,21
N2,40.90753,-74.70875,22
N2,40.90803,-74.71031,23
N2,40.90849,-74.71122,24
N2,40.90883,-74.71167,25
N2,40.90927,-74.71205,26
N2,40.90927,-74.71205,27
N2,40.90993,-74.71251,28
N2,40.91141,-74.71337,29
N2,40.91289,-74.71415,30
N2,40.91384,-74.71473,31
N2,40.91421,-74.71506,32
N2,40.91461,-74.71561,33
N2,40.9149,-74.7161,34
N2,40.91572,-74.71683,35
N2,40.91713,-74.71787,36
N2,40.91772,-74.71824,37
N2,40.91847,-74.71844,38
N2,40.92093,-74.7185,39
N2,40.92105,-74.71856,40
N2,40.92535,-74.71867,41
N2,40.92804,-74.71886,42
N2,40.92851,-74.71884,43
N2,40.9294,-74.71864,44
N2,40.93004,-74.71861,45
N2,40.93174,-74.71868,46
N2,40.93227,-74.71876,47
N2,40.93239,-74.71873,48
N2,40.9328,-74.71802,49
N2,40.9328,-74.71802,50
N2,40.93239,-74.71873,51
N2,40.932849,-74.717929,52
N2,40.933199,-74.718423,53
N2,40.933299,-74.718508,54
N2,40.933669,-74.718661,55
N2,40.93332,-74.71938,56
N2,40.93349,-74.71909,57
N2,40.9336,-74.71879,58
N2,40.9336,-74.71879,59
N2,40.93349,-74.71909,60
N2,40.93332,-74.71938,61
N2,40.93405,-74.72015,62
N2,40.93512,-74.72098,63
N2,40.93515,-74.72105,64
N2,40.93538,-74.72121,65
N2,40.9357,-74.72155,66
N2,40.93741,-74.72428,67
N2,40.93781,-74.72484,68
N2,40.93801,-74.72503,69
N2,40.93838,-74.72527,70
N2,40.93978,-74.72593,71
N2,40.94033,-74.72641,72
N2,40.94068,-74.72696,73
N2,40.94106,-74.72783,74
N2,40.94145,-74.72858,75
N2,40.94195,-74.72913,76
N2,40.94253,-74.72948,77
N2,40.94539,-74.7302,78
N2,40.94617,-74.73047,79
N2,40.9464,-74.73059,80
N2,40.94683,-74.73092,81
N2,40.94846,-74.73235,82
N2,40.94846,-74.73235,83
N2,40.95016,-74.7338,84
N2,40.95139,-74.73465,85
N2,40.95245,-74.73525,86
N2,40.95306,-74.73553,87
N2,40.9554,-74.73646,88
N2,40.95656,-74.73728,89
N2,40.95729,-74.73769,90
N2,40.96175,-74.73888,91
N2,40.9624,-74.73897,92
N2,40.9645,-74.73894,93
N2,40.9649,-74.73903,94
N2,40.96606,-74.73943,95
N2,40.96718,-74.74001,96
N2,40.96819,-74.74043,97
N2,40.97206,-74.74116,98
N2,40.97271,-74.74118,99
N2,40.97305,-74.74107,100
N2,40.97348,-74.74079,101
N2,40.97417,-74.74004,102
N2,40.97452,-74.73973,103
N2,40.97493,-74.73949,104
N2,40.97822,-74.73875,105
N2,40.9787,-74.73873,106
N2,40.97928,-74.73887,107
N2,40.98151,-74.7397,108
N2,40.98242,-74.74041,109
N2,40.98438,-74.74164,110
N2,40.98483,-74.74183,111
N2,40.98721,-74.74225,112
N2,40.99068,-74.74273,113
N2,40.99334,-74.74319,114
N2,40.99606,-74.74359,115
N2,40.99653,-74.74379,116
N2,40.99758,-74.7444,117
N2,40.99807,-74.74477,118
N2,40.99864,-74.74537,119
N2,40.99893,-74.74576,120
N2,40.99915,-74.74617,121
N2,40.99936,-74.74675,122
N2,40.99965,-74.7485,123
N2,40.99993,-74.74954,124
N2,41.00022,-74.75017,125
N2,41.00059,-74.75063,126
N2,41.00228,-74.75217,127
N2,41.00317,-74.75286,128
N2,41.00437,-74.75354,129
N2,41.00706,-74.75488,130
N2,41.00767,-74.75529,131
N2,41.0081,-74.75574,132
N2,41.00849,-74.75639,133
N2,41.0087,-74.75692,134
N2,41.00883,-74.75739,135
N2,41.00907,-74.75912,136
N2,41.00939,-74.7602,137
N2,41.01108,-74.76404,138
N2,41.01131,-74.76449,139
N2,41.01168,-74.76501,140
N2,41.0123,-74.76565,141
N2,41.01297,-74.7661,142
N2,41.01555,-74.76717,143
N2,41.01555,-74.76717,144
N2,41.01708,-74.76786,145
N2,41.01822,-74.76865,146
N2,41.01919,-74.76913,147
N2,41.01919,-74.76913,148
N2,41.0199,-74.76926,149
N2,41.02039,-74.76926,150
N2,41.02263,-74.76891,151
N2,41.02263,-74.76891,152
N2,41.02746,-74.76812,153
N2,41.02817,-74.76795,154
N2,41.0292,-74.76753,155
N2,41.02979,-74.76721,156
N2,41.03029,-74.76684,157
N2,41.03103,-74.76644,158
N2,41.03152,-74.76629,159
N2,41.03152,-74.76629,160
N2,41.03196,-74.76618,161
N2,41.03262,-74.76611,162
N2,41.03487,-74.76627,163
N2,41.03552,-74.76625,164
N2,41.03664,-74.76601,165
N2,41.03709,-74.76582,166
N2,41.03826,-74.7652,167
N2,41.03922,-74.76459,168
N2,41.03969,-74.76417,169
N2,41.04054,-74.76317,170
N2,41.04108,-74.76268,171
N2,41.04108,-74.76268,172
N2,41.04323,-74.76089,173
N2,41.04361,-74.7605,174
N2,41.04395,-74.76006,175
N2,41.04532,-74.75778,176
N2,41.04532,-74.75778,177
N2,41.04617,-74.75675,178
N2,41.04638,-74.75657,179
N2,41.04662,-74.75653,180
N2,41.04901,-74.75673,181
N2,41.04901,-74.75673,182
N2,41.05009,-74.75678,183
N2,41.05197,-74.75676,184
N2,41.05219,-74.75683,185
N2,41.05243,-74.7567,186
N2,41.05347,-74.75588,187
N2,41.05386,-74.75564,188
N2,41.05467,-74.75528,189
N2,41.05554,-74.75498,190
N2,41.05554,-74.75498,191
N2,41.05691,-74.7538,192
N2,41.05806,-74.75244,193
N2,41.05844,-74.75299,194
N2,41.05871,-74.75308,195
N2,41.05939,-74.75305,196
N2,41.05975,-74.75278,197
N2,41.06048,-74.752,198
N2,41.06048,-74.752,199
N2,41.06124,-74.75107,200
N2,41.06326,-74.74888,201
N2,41.06477,-74.74761,202
N2,41.06503,-74.74734,203
N2,41.06562,-74.74652,204
N2,41.06562,-74.74652,205
N2,41.0656,-74.74655,206
N2,41.06429,-74.74461,207
N2,41.0635,-74.7435,208
N2,41.06338,-74.74321,209
N2,41.06333,-74.74293,210
N2,41.06334,-74.74267,211
N2,41.06346,-74.7422,212
N2,41.06348,-74.74192,213
