shape_id,shape_pt_lat,shape_pt_lon,shape_pt_sequence,shape_dist_traveled
SouthboundShape1,40.69272,-74.10288,1,0
SouthboundShape1,40.69268,-74.10294,2,0.007
SouthboundShape1,40.69262,-74.10302,3,0.016
SouthboundShape1,40.69256,-74.1031,4,0.026
SouthboundShape1,40.69248,-74.10317,5,0.036
SouthboundShape1,40.69238,-74.10326,6,0.05
SouthboundShape1,40.69229,-74.10334,7,0.062
SouthboundShape1,40.69219,-74.10343,8,0.075
SouthboundShape1,40.69194,-74.10364,9,0.108
SouthboundShape1,40.69188,-74.10368,10,0.116
SouthboundShape1,40.6918,-74.10374,11,0.126
SouthboundShape1,40.6915,-74.10397,12,0.165
SouthboundShape1,40.69132,-74.10414,13,0.189
SouthboundShape1,40.69131,-74.10415,14,0.191
SouthboundShape1,40.69125,-74.1042,15,0.199
SouthboundShape1,40.69125,-74.10421,16,0.199
SouthboundShape1,40.69117,-74.10428,17,0.21
SouthboundShape1,40.69082,-74.10458,18,0.256
SouthboundShape1,40.69072,-74.10467,19,0.27
SouthboundShape1,40.69063,-74.10468,20,0.28
SouthboundShape1,40.69034,-74.10491,21,0.318
SouthboundShape1,40.69009,-74.10512,22,0.351
SouthboundShape1,40.68988,-74.1053,23,0.378
SouthboundShape1,40.6895,-74.10562,24,0.429
SouthboundShape1,40.68934,-74.10575,25,0.449
SouthboundShape1,40.68925,-74.10583,26,0.462
SouthboundShape1,40.68919,-74.10587,27,0.469
SouthboundShape1,40.68912,-74.10593,28,0.478
SouthboundShape1,40.68889,-74.10613,29,0.509
SouthboundShape1,40.68876,-74.10626,30,0.527
SouthboundShape1,40.6887,-74.10631,31,0.535
SouthboundShape1,40.6886,-74.1064,32,0.548
SouthboundShape1,40.6885,-74.10648,33,0.561
SouthboundShape1,40.68832,-74.10663,34,0.585
SouthboundShape1,40.68766,-74.10534,35,0.716
SouthboundShape1,40.68746,-74.10494,36,0.757
SouthboundShape1,40.68707,-74.10415,37,0.836
SouthboundShape1,40.68633,-74.10262,38,0.989
SouthboundShape1,40.68548,-74.10089,39,1.163
SouthboundShape1,40.6852,-74.1003,40,1.222
SouthboundShape1,40.68511,-74.10037,41,1.233
SouthboundShape1,40.68482,-74.10062,42,1.272
SouthboundShape1,40.68458,-74.10082,43,1.303
SouthboundShape1,40.68436,-74.101,44,1.332
SouthboundShape1,40.68433,-74.10103,45,1.336
SouthboundShape1,40.68398,-74.10133,46,1.383
SouthboundShape1,40.68338,-74.10182,47,1.461
SouthboundShape1,40.68278,-74.10233,48,1.541
SouthboundShape1,40.68218,-74.10282,49,1.619
SouthboundShape1,40.68196,-74.103,50,1.648
SouthboundShape1,40.68157,-74.10334,51,1.7
SouthboundShape1,40.68099,-74.10383,52,1.776
SouthboundShape1,40.68039,-74.10436,53,1.857
SouthboundShape1,40.67979,-74.10485,54,1.935
SouthboundShape1,40.67918,-74.10536,55,2.016
SouthboundShape1,40.67859,-74.10587,56,2.094
SouthboundShape1,40.67797,-74.10639,57,2.176
SouthboundShape1,40.67738,-74.10688,58,2.253
SouthboundShape1,40.67678,-74.10739,59,2.333
SouthboundShape1,40.67643,-74.10769,60,2.379
SouthboundShape1,40.67618,-74.1079,61,2.412
SouthboundShape1,40.67558,-74.10841,62,2.491
SouthboundShape1,40.67496,-74.10892,63,2.573
SouthboundShape1,40.67438,-74.10942,64,2.65
SouthboundShape1,40.67378,-74.10993,65,2.729
SouthboundShape1,40.67325,-74.11037,66,2.799
SouthboundShape1,40.67317,-74.11043,67,2.809
SouthboundShape1,40.67212,-74.11133,68,2.948
SouthboundShape1,40.67159,-74.11178,69,3.018
SouthboundShape1,40.67108,-74.11223,70,3.087
SouthboundShape1,40.67079,-74.11247,71,3.125
SouthboundShape1,40.67062,-74.11262,72,3.147
SouthboundShape1,40.67045,-74.11276,73,3.17
SouthboundShape1,40.67008,-74.11308,74,3.219
SouthboundShape1,40.66951,-74.11357,75,3.295
SouthboundShape1,40.66944,-74.11363,76,3.304
SouthboundShape1,40.66916,-74.11386,77,3.34
SouthboundShape1,40.66856,-74.11437,78,3.42
SouthboundShape1,40.66815,-74.1147,79,3.473
SouthboundShape1,40.66797,-74.11485,80,3.497
SouthboundShape1,40.66723,-74.11548,81,3.595
SouthboundShape1,40.66648,-74.11613,82,3.695
SouthboundShape1,40.66562,-74.11685,83,3.808
SouthboundShape1,40.66479,-74.11754,84,3.917
SouthboundShape1,40.66454,-74.11775,85,3.95
SouthboundShape1,40.66397,-74.11822,86,4.025
SouthboundShape1,40.66316,-74.1189,87,4.132
SouthboundShape1,40.66257,-74.11942,88,4.211
SouthboundShape1,40.66224,-74.11969,89,4.254
SouthboundShape1,40.66222,-74.11971,90,4.257
SouthboundShape1,40.66198,-74.1199,91,4.288
SouthboundShape1,40.66172,-74.12012,92,4.322
SouthboundShape1,40.66139,-74.12039,93,4.365
SouthboundShape1,40.66082,-74.12089,94,4.441
SouthboundShape1,40.66051,-74.12114,95,4.482
SouthboundShape1,40.66024,-74.12138,96,4.518
SouthboundShape1,40.66005,-74.12154,97,4.543
SouthboundShape1,40.65989,-74.12167,98,4.564
SouthboundShape1,40.65978,-74.12178,99,4.579
SouthboundShape1,40.65965,-74.12189,100,4.596
SouthboundShape1,40.65904,-74.1224,101,4.677
SouthboundShape1,40.65817,-74.12314,102,4.792
SouthboundShape1,40.65753,-74.12367,103,4.876
SouthboundShape1,40.65707,-74.12406,104,4.937
SouthboundShape1,40.65695,-74.12415,105,4.952
SouthboundShape1,40.65665,-74.12441,106,4.992
SouthboundShape1,40.65649,-74.12454,107,5.013
SouthboundShape1,40.65637,-74.12464,108,5.029
SouthboundShape1,40.65603,-74.12492,109,5.073
SouthboundShape1,40.65579,-74.12514,110,5.106
SouthboundShape1,40.65547,-74.12541,111,5.148
SouthboundShape1,40.65521,-74.12564,112,5.183
SouthboundShape1,40.65515,-74.12569,113,5.191
SouthboundShape1,40.65487,-74.12592,114,5.227
SouthboundShape1,40.65452,-74.12622,115,5.274
SouthboundShape1,40.65448,-74.12626,116,5.279
SouthboundShape1,40.65432,-74.12639,117,5.3
SouthboundShape1,40.65425,-74.12645,118,5.31
SouthboundShape1,40.65423,-74.12646,119,5.312
SouthboundShape1,40.65416,-74.12652,120,5.321
SouthboundShape1,40.65412,-74.12655,121,5.326
SouthboundShape1,40.6541,-74.12656,122,5.329
SouthboundShape1,40.65408,-74.12658,123,5.332
SouthboundShape1,40.65402,-74.12663,124,5.339
SouthboundShape1,40.65401,-74.12664,125,5.341
SouthboundShape1,40.65399,-74.12666,126,5.344
SouthboundShape1,40.65398,-74.12666,127,5.345
SouthboundShape1,40.65394,-74.12669,128,5.35
SouthboundShape1,40.6539,-74.12673,129,5.355
SouthboundShape1,40.6538,-74.12683,130,5.369
SouthboundShape1,40.6537,-74.12692,131,5.383
SouthboundShape1,40.65341,-74.12717,132,5.421
SouthboundShape1,40.65327,-74.12728,133,5.44
SouthboundShape1,40.65312,-74.12741,134,5.459
SouthboundShape1,40.65255,-74.12789,135,5.535
SouthboundShape1,40.65241,-74.128,136,5.553
SouthboundShape1,40.65227,-74.12811,137,5.571
SouthboundShape1,40.65217,-74.12816,138,5.583
SouthboundShape1,40.65207,-74.12821,139,5.595
SouthboundShape1,40.65182,-74.12829,140,5.623
SouthboundShape1,40.65172,-74.12831,141,5.635
SouthboundShape1,40.65155,-74.12832,142,5.654
SouthboundShape1,40.65142,-74.12832,143,5.668
SouthboundShape1,40.65072,-74.12831,144,5.746
SouthboundShape1,40.65002,-74.1283,145,5.824
SouthboundShape1,40.64991,-74.1283,146,5.836
SouthboundShape1,40.64847,-74.12825,147,5.996
SouthboundShape1,40.64788,-74.12825,148,6.062
SouthboundShape1,40.64781,-74.12825,149,6.069
SouthboundShape1,40.64719,-74.12825,150,6.138
SouthboundShape1,40.64708,-74.12824,151,6.151
SouthboundShape1,40.64522,-74.12822,152,6.357
SouthboundShape1,40.64523,-74.12873,153,6.401
SouthboundShape1,40.64526,-74.12922,154,6.442
SouthboundShape1,40.64531,-74.12971,155,6.484
SouthboundShape1,40.64532,-74.12983,156,6.494
SouthboundShape1,40.64537,-74.13037,157,6.54
NorthboundShape2,40.64537,-74.13037,1,0
NorthboundShape2,40.64538,-74.13051,2,0.012
NorthboundShape2,40.64539,-74.13067,3,0.025
NorthboundShape2,40.64572,-74.13064,4,0.062
NorthboundShape2,40.64706,-74.13055,5,0.211
NorthboundShape2,40.64844,-74.13047,6,0.365
NorthboundShape2,40.64946,-74.13039,7,0.479
NorthboundShape2,40.64957,-74.13039,8,0.491
NorthboundShape2,40.64991,-74.13036,9,0.529
NorthboundShape2,40.64999,-74.13036,10,0.538
NorthboundShape2,40.64999,-74.1299,11,0.576
NorthboundShape2,40.64999,-74.12974,12,0.59
NorthboundShape2,40.65,-74.12919,13,0.636
NorthboundShape2,40.65001,-74.12865,14,0.682
NorthboundShape2,40.65002,-74.12843,15,0.701
NorthboundShape2,40.65002,-74.1283,16,0.711
NorthboundShape2,40.65072,-74.12831,17,0.789
NorthboundShape2,40.65131,-74.12832,18,0.855
NorthboundShape2,40.65142,-74.12832,19,0.867
NorthboundShape2,40.65155,-74.12832,20,0.882
NorthboundShape2,40.65172,-74.12831,21,0.901
NorthboundShape2,40.65182,-74.12829,22,0.912
NorthboundShape2,40.65207,-74.12821,23,0.94
NorthboundShape2,40.65217,-74.12816,24,0.952
NorthboundShape2,40.65227,-74.12811,25,0.964
NorthboundShape2,40.65241,-74.128,26,0.982
NorthboundShape2,40.65255,-74.12789,27,1
NorthboundShape2,40.65312,-74.12741,28,1.076
NorthboundShape2,40.65327,-74.12728,29,1.096
NorthboundShape2,40.65341,-74.12717,30,1.114
NorthboundShape2,40.6537,-74.12692,31,1.152
NorthboundShape2,40.6538,-74.12683,32,1.166
NorthboundShape2,40.6539,-74.12673,33,1.18
NorthboundShape2,40.65394,-74.12669,34,1.185
NorthboundShape2,40.65398,-74.12666,35,1.19
NorthboundShape2,40.65399,-74.12666,36,1.191
NorthboundShape2,40.65401,-74.12664,37,1.194
NorthboundShape2,40.65402,-74.12663,38,1.196
NorthboundShape2,40.65408,-74.12658,39,1.204
NorthboundShape2,40.6541,-74.12656,40,1.206
NorthboundShape2,40.65412,-74.12655,41,1.209
NorthboundShape2,40.65416,-74.12652,42,1.214
NorthboundShape2,40.65423,-74.12646,43,1.223
NorthboundShape2,40.65425,-74.12645,44,1.226
NorthboundShape2,40.65432,-74.12639,45,1.235
NorthboundShape2,40.65448,-74.12626,46,1.256
NorthboundShape2,40.65452,-74.12622,47,1.261
NorthboundShape2,40.65487,-74.12592,48,1.308
NorthboundShape2,40.65515,-74.12569,49,1.344
NorthboundShape2,40.65521,-74.12564,50,1.352
NorthboundShape2,40.65547,-74.12541,51,1.387
NorthboundShape2,40.65579,-74.12514,52,1.429
NorthboundShape2,40.65603,-74.12492,53,1.462
NorthboundShape2,40.65637,-74.12464,54,1.506
NorthboundShape2,40.65649,-74.12454,55,1.522
NorthboundShape2,40.65665,-74.12441,56,1.543
NorthboundShape2,40.65695,-74.12415,57,1.583
NorthboundShape2,40.65707,-74.12406,58,1.598
NorthboundShape2,40.65753,-74.12367,59,1.659
NorthboundShape2,40.65817,-74.12314,60,1.743
NorthboundShape2,40.65898,-74.12245,61,1.85
NorthboundShape2,40.65904,-74.1224,62,1.858
NorthboundShape2,40.65965,-74.12189,63,1.939
NorthboundShape2,40.65978,-74.12178,64,1.956
NorthboundShape2,40.65989,-74.12167,65,1.971
NorthboundShape2,40.66005,-74.12154,66,1.992
NorthboundShape2,40.66024,-74.12138,67,2.017
NorthboundShape2,40.66051,-74.12114,68,2.053
NorthboundShape2,40.66082,-74.12089,69,2.094
NorthboundShape2,40.66139,-74.12039,70,2.17
NorthboundShape2,40.66169,-74.12014,71,2.209
NorthboundShape2,40.66198,-74.1199,72,2.247
NorthboundShape2,40.66222,-74.11971,73,2.279
NorthboundShape2,40.66224,-74.11969,74,2.281
NorthboundShape2,40.66257,-74.11942,75,2.325
NorthboundShape2,40.66316,-74.1189,76,2.404
NorthboundShape2,40.66397,-74.11822,77,2.51
NorthboundShape2,40.66479,-74.11754,78,2.618
NorthboundShape2,40.66562,-74.11685,79,2.727
NorthboundShape2,40.66648,-74.11613,80,2.84
NorthboundShape2,40.66717,-74.11554,81,2.932
NorthboundShape2,40.66723,-74.11548,82,2.94
NorthboundShape2,40.66797,-74.11485,83,3.038
NorthboundShape2,40.66815,-74.1147,84,3.062
NorthboundShape2,40.66856,-74.11437,85,3.115
NorthboundShape2,40.66916,-74.11386,86,3.195
NorthboundShape2,40.66944,-74.11363,87,3.231
NorthboundShape2,40.66951,-74.11357,88,3.241
NorthboundShape2,40.67008,-74.11308,89,3.316
NorthboundShape2,40.67045,-74.11276,90,3.365
NorthboundShape2,40.67062,-74.11262,91,3.388
NorthboundShape2,40.67079,-74.11247,92,3.411
NorthboundShape2,40.67108,-74.11223,93,3.449
NorthboundShape2,40.67159,-74.11178,94,3.517
NorthboundShape2,40.67212,-74.11133,95,3.587
NorthboundShape2,40.67317,-74.11043,96,3.726
NorthboundShape2,40.67378,-74.10993,97,3.806
NorthboundShape2,40.67438,-74.10942,98,3.885
NorthboundShape2,40.67496,-74.10892,99,3.962
NorthboundShape2,40.67558,-74.10841,100,4.044
NorthboundShape2,40.67618,-74.1079,101,4.123
NorthboundShape2,40.67643,-74.10769,102,4.156
NorthboundShape2,40.67678,-74.10739,103,4.202
NorthboundShape2,40.67738,-74.10688,104,4.282
NorthboundShape2,40.67797,-74.10639,105,4.359
NorthboundShape2,40.67859,-74.10587,106,4.441
NorthboundShape2,40.67918,-74.10536,107,4.52
NorthboundShape2,40.67979,-74.10485,108,4.6
NorthboundShape2,40.68039,-74.10436,109,4.678
NorthboundShape2,40.68099,-74.10383,110,4.759
NorthboundShape2,40.68157,-74.10334,111,4.835
NorthboundShape2,40.68196,-74.103,112,4.887
NorthboundShape2,40.68218,-74.10282,113,4.916
NorthboundShape2,40.68278,-74.10233,114,4.994
NorthboundShape2,40.68338,-74.10182,115,5.074
NorthboundShape2,40.68398,-74.10133,116,5.152
NorthboundShape2,40.68433,-74.10103,117,5.199
NorthboundShape2,40.68436,-74.101,118,5.203
NorthboundShape2,40.68458,-74.10082,119,5.232
NorthboundShape2,40.68482,-74.10062,120,5.263
NorthboundShape2,40.68511,-74.10037,121,5.302
NorthboundShape2,40.6852,-74.1003,122,5.313
NorthboundShape2,40.68529,-74.10022,123,5.326
NorthboundShape2,40.68555,-74.1,124,5.36
NorthboundShape2,40.68565,-74.09992,125,5.373
NorthboundShape2,40.68574,-74.09985,126,5.384
NorthboundShape2,40.68578,-74.09982,127,5.39
NorthboundShape2,40.68591,-74.10008,128,5.416
NorthboundShape2,40.68607,-74.1004,129,5.448
NorthboundShape2,40.68684,-74.10194,130,5.604
NorthboundShape2,40.68693,-74.10212,131,5.622
NorthboundShape2,40.68703,-74.10232,132,5.642
NorthboundShape2,40.68761,-74.10351,133,5.761
NorthboundShape2,40.68761,-74.10352,134,5.762
NorthboundShape2,40.68806,-74.10444,135,5.855
NorthboundShape2,40.68889,-74.10613,136,6.024
NorthboundShape2,40.68912,-74.10593,137,6.055
NorthboundShape2,40.68919,-74.10587,138,6.064
NorthboundShape2,40.68925,-74.10583,139,6.072
NorthboundShape2,40.68934,-74.10575,140,6.084
NorthboundShape2,40.6895,-74.10562,141,6.105
NorthboundShape2,40.68988,-74.1053,142,6.155
NorthboundShape2,40.68998,-74.10521,143,6.168
NorthboundShape2,40.69009,-74.10512,144,6.183
NorthboundShape2,40.69034,-74.10491,145,6.216
NorthboundShape2,40.69063,-74.10468,146,6.253
NorthboundShape2,40.69068,-74.10456,147,6.265
NorthboundShape2,40.69078,-74.10447,148,6.278
NorthboundShape2,40.69085,-74.1044,149,6.288
NorthboundShape2,40.69096,-74.10429,150,6.303
NorthboundShape2,40.6911,-74.10415,151,6.323
NorthboundShape2,40.6912,-74.10408,152,6.335
NorthboundShape2,40.69126,-74.10403,153,6.343
NorthboundShape2,40.69156,-74.10379,154,6.382
NorthboundShape2,40.69156,-74.10378,155,6.383
NorthboundShape2,40.69182,-74.10357,156,6.417
NorthboundShape2,40.6923,-74.10318,157,6.48
NorthboundShape2,40.69241,-74.10309,158,6.494
NorthboundShape2,40.69242,-74.10308,159,6.496
NorthboundShape2,40.69255,-74.10293,160,6.515
NorthboundShape2,40.69259,-74.10287,161,6.522
NorthboundShape2,40.69263,-74.10281,162,6.528
NorthboundShape2,40.69266,-74.10275,163,6.534
NorthboundShape2,40.69267,-74.10272,164,6.537
